[2025-02-21 02:35:48] , ACU_SN:    WTG26050900135 , Crash X ,Data: 00 00 00 00 01 00 00 00 00 00 00 00 00 00 00 00 01 00 01 00 00 00 00 00 00 00 01 00 00 00 01 00 00 00 01 00 01 00 01 00 07 00 24 00 ce 00 ba 00 91 00 6c 00 2f 00 2f 00 2e 00 29 00 f2 ff e5 ff 08 00 1b 00 06 00 f8 ff e9 ff f7 ff 00 00 02 00 03 00 f5 ff f7 ff fd ff 05 00 fd ff f9 ff fc ff 08 00 11 00 0e 00 08 00 fb ff f4 ff f6 ff f9 ff f8 ff fa ff 00 00 00 00 02 00 04 00 06 00 02 00 fe ff fe ff fe ff ff ff 02 00 02 00 ff ff ff ff fe ff fc ff fd ff fd ff ff ff 01 00 00 00 fe ff fe ff 00 00 02 00 02 00 01 00 fe ff fc ff fc ff ff ff 01 00 fe ff fd ff fd ff fe ff ff ff 02 00 03 00 01 00 00 00 ff ff ff ff ff ff 00 00 ff ff fd ff fd ff fe ff ff ff ff ff 00 00 fe ff fe ff fe ff 00 00 00 00 00 00 00 00 00 00 ff ff 00 00 00 00 00 00 ff ff fe ff fe ff fe ff ff ff 00 00 00 00 00 00 00 00 00 00 00 00 00 00 00 00 00 00 00 00 00 00 00 00 00 00 00 00 00 00 ff ff ff ff 00 00 00 00 00 00 00 00 00 00 00 00 00 00 00 00 00 00 00 00 00 00 00 00 00 00 00 00 00 00 00 00 ff ff ff ff ff ff fe ff fe ff f9 ff d8 ff b3 ff 9c ff 8f ff 8e ff 9d ff aa ff bb ff c7 ff dc ff fb ff 02 00 04 00 0e 00 ff ff ee ff f5 ff 04 00 05 00 04 00 03 00 06 00 06 00 fe ff ff ff 07 00 0d 00 05 00 fd ff fe ff fb ff f8 ff f7 ff f9 ff f9 ff fd ff 01 00 0a 00 00 00 06 00 04 00 05 00 09 00 06 00 04 00 04 00 00 00 fe ff fe ff f9 ff f6 ff f8 ff fb ff 01 00 07 00 11 00 10 00 09 00 06 00 07 00 03 00 01 00 02 00 02 00 01 00 00 00 fb ff f9 ff fa ff f7 ff f7 ff fe ff 09 00 10 00 0b 00 07 00 05 00 04 00 04 00 02 00 01 00 00 00 ff ff ff ff ff ff fd ff f8 ff f5 ff f5 ff f6 ff f9 ff 02 00 0e 00 0d 00 06 00 02 00 05 00 06 00 06 00 05 00 03 00 00 00 ff ff ff ff ff ff ff ff fe ff fb ff fb ff ff ff 06 00 08 00 04 00 02 00 02 00 03 00 04 00 05 00 03 00 03 00 01 00 01 00 03 00 03 00 02 00 02 00 04 00 07 00 0b 00 10 00 13 00 13 00 13 00 14 00 15 00 13 00 0e 00 0b 00 0a 00 09 00 07 00 06 00 07 00 06 00 04 00 04 00 04 00 04 00 03 00 02 00 01 00 00 00 01 00 01 00 00 00 01 00 00 00 00 00 ff ff ff ff ff ff ff ff ff ff ff ff ff ff ff ff ff ff ff ff 00 00 00 00 ff ff 00 00 00 00 00 00 00 00 00 00 01 00 01 00 01 00 01 00 00 00 ff ff ff ff ff ff ff ff 00 00 00 00 00 00 00 00 00 00 00 00 00 00 00 00 00 00 ff ff ff ff 00 00 00 00 00 00 00 00 01 00 01 00 00 00 00 00 00 00 00 00 00 00 00 00 00 00 00 00 ff ff 00 00 00 00 00 00 00 00 01 00 01 00 00 00 00 00 00 00 00 00 00 00 00 00 00 00 00 00 00 00 00 00 00 00 ff ff 00 00 00 00 00 00 00 00 01 00 01 00 00 00 00 00 00 00 00 00 00 00 00 00 00 00 00 00 00 00 00 00 00 00 00 00 00 00 00 00 00 00 00 00 00 00 00 00 00 00 00 00 00 00 00 00 00 00 00 00 00 00 00 00 00 00 00 00 00 00 00 00 00 00 00 00 00 00 00 00 00 00 00 00 00 00 01 00 01 00 00 00 00 00 00 00 00 00 00 00 00 00 00 00 00 00 00 00 00 00 00 00 00 00 00 00 00 00 00 00 00 00 00 00 00 00 00 00 00 00 00 00 00 00 00 00 00 00 00 00 00 00 00 00 00 00 00 00 00 00 00 00 00 00 00 00 00 00 00 00 00 00 00 00 00 00 00 00 00 00 00 00 00 00 00 00 00 00 00 00 00 00 01 00 00 00 00 00 00 00 00 00 00 00 00 00 00 00 00 00 00 00 00 00 00 00 00 00 00 00 

[2025-02-21 02:35:50] , ACU_SN:    WTG26050900135 , Crash Y ,Data: 00 00 00 00 00 00 00 00 00 00 00 00 00 00 00 00 00 00 00 00 00 00 00 00 00 00 00 00 00 00 00 00 00 00 ff ff f8 ff ec ff dd ff ce ff ff fd 4f fd b3 fd b6 fe 30 ff 2f ff 85 ff 05 00 6a 00 34 00 cb ff b7 ff e9 ff 1a 00 13 00 11 00 07 00 02 00 09 00 10 00 16 00 0f 00 06 00 0e 00 04 00 fb ff ef ff e1 ff e8 ff 05 00 18 00 15 00 19 00 18 00 15 00 14 00 10 00 00 00 fa ff f5 ff f8 ff fc ff 00 00 05 00 03 00 04 00 05 00 05 00 0b 00 0e 00 0b 00 0b 00 0a 00 0a 00 08 00 03 00 01 00 01 00 00 00 00 00 00 00 02 00 04 00 0a 00 0e 00 0e 00 0a 00 08 00 0b 00 0a 00 09 00 08 00 04 00 00 00 00 00 00 00 00 00 01 00 01 00 02 00 03 00 08 00 0b 00 0c 00 0b 00 08 00 07 00 07 00 06 00 05 00 04 00 02 00 02 00 02 00 02 00 02 00 02 00 02 00 03 00 05 00 06 00 06 00 06 00 07 00 06 00 05 00 05 00 04 00 04 00 04 00 04 00 03 00 03 00 03 00 03 00 03 00 03 00 03 00 03 00 04 00 05 00 05 00 05 00 04 00 05 00 04 00 04 00 04 00 03 00 02 00 01 00 01 00 01 00 00 00 01 00 01 00 03 00 04 00 05 00 06 00 06 00 06 00 09 00 23 00 7b 00 38 01 8d 01 9e 01 88 01 4b 01 22 01 e3 00 9c 00 64 00 1a 00 e7 ff dc ff fa ff 0d 00 11 00 27 00 2a 00 2e 00 2e 00 21 00 0e 00 05 00 0e 00 fd ff e8 ff e5 ff ed ff f8 ff f8 ff fc ff ff ff f9 ff f9 ff f7 ff f8 ff eb ff ef ff ec ff f3 ff f4 ff f7 ff fb ff 00 00 03 00 01 00 02 00 06 00 03 00 06 00 06 00 01 00 f8 ff ef ff e1 ff d7 ff e4 ff ea ff f3 ff fa ff 01 00 04 00 07 00 09 00 08 00 06 00 08 00 09 00 05 00 08 00 03 00 f4 ff e6 ff dd ff e7 ff ef ff f5 ff fb ff 01 00 04 00 07 00 00 00 03 00 03 00 01 00 05 00 06 00 04 00 05 00 03 00 fe ff f1 ff e6 ff ec ff f5 ff fa ff fe ff fd ff fd ff 00 00 02 00 05 00 06 00 06 00 05 00 03 00 05 00 08 00 05 00 fe ff f4 ff ed ff f6 ff f7 ff f9 ff f9 ff f9 ff fb ff fb ff fd ff fd ff fc ff f9 ff f5 ff f3 ff f2 ff eb ff e2 ff d8 ff ce ff c8 ff c3 ff c2 ff c3 ff c1 ff bd ff c4 ff d2 ff db ff e1 ff e6 ff e9 ff ea ff ea ff eb ff eb ff eb ff ef ff f3 ff f7 ff fc ff fe ff 01 00 02 00 02 00 02 00 02 00 02 00 02 00 02 00 02 00 01 00 00 00 01 00 02 00 04 00 01 00 04 00 03 00 05 00 04 00 03 00 03 00 01 00 03 00 01 00 03 00 01 00 03 00 02 00 03 00 03 00 02 00 02 00 02 00 02 00 01 00 02 00 01 00 03 00 00 00 02 00 02 00 02 00 02 00 02 00 03 00 02 00 02 00 01 00 02 00 02 00 01 00 01 00 01 00 01 00 02 00 02 00 03 00 01 00 02 00 01 00 02 00 00 00 00 00 00 00 01 00 01 00 02 00 02 00 01 00 02 00 02 00 03 00 03 00 03 00 02 00 02 00 02 00 02 00 01 00 01 00 01 00 00 00 00 00 01 00 01 00 01 00 02 00 02 00 02 00 02 00 02 00 02 00 02 00 01 00 01 00 01 00 01 00 01 00 01 00 01 00 01 00 01 00 01 00 01 00 01 00 02 00 02 00 02 00 02 00 02 00 02 00 02 00 01 00 01 00 01 00 01 00 01 00 01 00 00 00 00 00 00 00 00 00 00 00 00 00 01 00 01 00 01 00 01 00 01 00 01 00 01 00 01 00 00 00 00 00 00 00 00 00 01 00 01 00 00 00 01 00 01 00 01 00 01 00 01 00 01 00 02 00 01 00 01 00 01 00 01 00 01 00 00 00 00 00 01 00 01 00 01 00 01 00 01 00 02 00 02 00 02 00 01 00 01 00 01 00 01 00 01 00 01 00 01 00 01 00 01 00 01 00 01 00 01 00 01 00 01 00 01 00 01 00 01 00 02 00 02 00 02 00 02 00 

[2025-02-21 02:37:30] , ACU_SN:    WTG26050900135 , Crash X ,Data: 00 00 00 00 01 00 00 00 00 00 00 00 00 00 01 00 00 00 00 00 00 00 00 00 00 00 00 00 01 00 00 00 00 00 01 00 01 00 05 00 19 00 81 00 92 00 a4 00 82 00 3d 00 31 00 35 00 33 00 0f 00 df ff f2 ff 02 00 f3 ff fb ff fa ff f1 ff 01 00 03 00 00 00 0a 00 fc ff f8 ff 00 00 01 00 fc ff f7 ff 01 00 0b 00 10 00 0f 00 09 00 fb ff f5 ff ee ff f6 ff f8 ff fb ff fd ff 00 00 04 00 05 00 04 00 00 00 fd ff fd ff fd ff ff ff 01 00 00 00 ff ff 00 00 ff ff fd ff fe ff ff ff 00 00 00 00 ff ff fe ff fe ff 00 00 01 00 01 00 ff ff fd ff fc ff fd ff ff ff 00 00 fe ff fd ff fd ff fd ff 01 00 03 00 02 00 01 00 00 00 ff ff ff ff ff ff ff ff fe ff fd ff fd ff fe ff ff ff 00 00 fe ff fd ff fe ff 00 00 01 00 01 00 01 00 00 00 00 00 00 00 00 00 00 00 ff ff fe ff fd ff fe ff ff ff 00 00 00 00 00 00 ff ff 00 00 00 00 00 00 00 00 00 00 00 00 00 00 ff ff 00 00 00 00 00 00 ff ff 00 00 ff ff ff ff ff ff 00 00 ff ff ff ff ff ff ff ff ff ff ff ff 00 00 00 00 01 00 01 00 00 00 00 00 00 00 ff ff ff ff ff ff ff ff f8 ff ce ff c4 ff a6 ff 8d ff 8a ff 9a ff aa ff bf ff c7 ff da ff fc ff 0a 00 04 00 0a 00 00 00 ec ff f1 ff fd ff 07 00 04 00 00 00 0a 00 04 00 ff ff ff ff 04 00 0a 00 0b 00 fd ff ff ff fc ff f9 ff f9 ff f7 ff f9 ff fe ff fd ff 02 00 00 00 06 00 07 00 07 00 0a 00 09 00 06 00 07 00 03 00 fe ff fb ff fa ff fa ff f9 ff fa ff 02 00 07 00 0c 00 0d 00 0a 00 07 00 07 00 03 00 00 00 03 00 03 00 03 00 01 00 fe ff fc ff fa ff f7 ff f4 ff f9 ff 03 00 0c 00 0f 00 0b 00 07 00 04 00 04 00 04 00 03 00 02 00 00 00 ff ff fe ff fe ff fd ff f7 ff f4 ff f5 ff f5 ff fa ff 05 00 0c 00 0b 00 05 00 03 00 07 00 06 00 05 00 04 00 02 00 00 00 ff ff 00 00 ff ff fe ff fc ff fc ff fd ff 00 00 04 00 07 00 04 00 01 00 01 00 03 00 04 00 03 00 04 00 03 00 01 00 02 00 03 00 02 00 00 00 01 00 06 00 0a 00 0d 00 10 00 11 00 12 00 14 00 16 00 14 00 0f 00 0b 00 0d 00 0d 00 0a 00 07 00 07 00 06 00 05 00 04 00 05 00 05 00 05 00 05 00 04 00 03 00 03 00 03 00 02 00 01 00 00 00 00 00 00 00 00 00 00 00 00 00 ff ff fe ff fe ff ff ff ff ff ff ff ff ff ff ff ff ff ff ff ff ff 00 00 01 00 00 00 01 00 01 00 02 00 02 00 01 00 00 00 ff ff ff ff 00 00 00 00 00 00 ff ff 00 00 00 00 00 00 00 00 00 00 00 00 00 00 00 00 00 00 00 00 00 00 00 00 01 00 01 00 00 00 00 00 00 00 00 00 00 00 00 00 00 00 00 00 00 00 00 00 00 00 00 00 00 00 00 00 01 00 00 00 00 00 00 00 00 00 00 00 00 00 00 00 00 00 00 00 00 00 00 00 00 00 00 00 00 00 00 00 00 00 00 00 00 00 00 00 00 00 00 00 00 00 00 00 00 00 00 00 00 00 ff ff 00 00 00 00 00 00 00 00 01 00 00 00 00 00 00 00 00 00 00 00 00 00 00 00 00 00 ff ff 00 00 00 00 00 00 00 00 00 00 00 00 00 00 00 00 00 00 00 00 00 00 00 00 00 00 00 00 00 00 00 00 00 00 00 00 00 00 00 00 00 00 00 00 00 00 00 00 00 00 00 00 00 00 01 00 00 00 00 00 01 00 01 00 00 00 00 00 00 00 00 00 00 00 00 00 00 00 00 00 00 00 00 00 01 00 01 00 01 00 01 00 00 00 01 00 00 00 00 00 00 00 00 00 00 00 00 00 00 00 00 00 00 00 00 00 00 00 00 00 00 00 00 00 00 00 00 00 00 00 00 00 00 00 00 00 00 00 00 00 00 00 00 00 00 00 00 00 00 00 00 00 00 00 

[2025-02-21 02:37:32] , ACU_SN:    WTG26050900135 , Crash Y ,Data: 00 00 00 00 00 00 00 00 00 00 00 00 00 00 00 00 00 00 00 00 00 00 00 00 00 00 00 00 00 00 00 00 00 00 fe ff f5 ff e6 ff cd ff ee fe f5 fd 59 fd 2d fe 03 ff 33 ff 52 ff 9f ff 25 00 80 00 18 00 d4 ff ef ff ff ff 10 00 0d 00 14 00 08 00 fe ff 06 00 0f 00 11 00 09 00 02 00 00 00 01 00 f6 ff ea ff e4 ff f3 ff 0e 00 19 00 17 00 26 00 12 00 11 00 13 00 00 00 ff ff f8 ff f4 ff fa ff fd ff 03 00 06 00 06 00 09 00 08 00 09 00 0d 00 0a 00 08 00 09 00 06 00 08 00 06 00 02 00 01 00 00 00 02 00 02 00 02 00 03 00 05 00 0a 00 0e 00 0d 00 09 00 09 00 0a 00 0a 00 0a 00 07 00 02 00 00 00 ff ff 00 00 00 00 01 00 01 00 02 00 06 00 09 00 0c 00 0d 00 0b 00 09 00 08 00 07 00 06 00 05 00 02 00 00 00 00 00 01 00 01 00 01 00 01 00 02 00 05 00 06 00 07 00 08 00 07 00 06 00 05 00 04 00 04 00 04 00 04 00 04 00 03 00 03 00 03 00 03 00 03 00 03 00 03 00 03 00 03 00 04 00 05 00 06 00 06 00 06 00 05 00 05 00 05 00 04 00 03 00 02 00 01 00 01 00 01 00 00 00 01 00 02 00 03 00 04 00 05 00 06 00 06 00 09 00 1e 00 81 00 19 01 80 01 a1 01 90 01 56 01 2d 01 e2 00 9a 00 61 00 0e 00 e3 ff db ff fa ff 13 00 1c 00 29 00 31 00 33 00 2c 00 28 00 0f 00 04 00 05 00 f9 ff ea ff e8 ff e3 ff f8 ff ff ff ff ff 02 00 f8 ff fd ff f5 ff f1 ff f6 ff f1 ff f6 ff f2 ff f4 ff f6 ff f1 ff 00 00 fc ff ff ff fc ff ff ff 05 00 09 00 0b 00 06 00 fc ff f3 ff e5 ff dc ff e2 ff e6 ff ec ff f6 ff fe ff 04 00 03 00 05 00 07 00 07 00 06 00 08 00 07 00 07 00 09 00 ff ff f1 ff e5 ff dc ff e7 ff f0 ff f7 ff fd ff 02 00 05 00 00 00 03 00 03 00 01 00 01 00 05 00 09 00 06 00 05 00 04 00 fd ff f0 ff e9 ff f0 ff f8 ff fc ff fe ff fe ff fd ff 01 00 01 00 03 00 04 00 05 00 07 00 05 00 07 00 05 00 01 00 fb ff f2 ff ef ff f5 ff f9 ff fb ff fc ff fc ff fc ff ff ff fe ff fd ff fb ff f8 ff f7 ff f6 ff f3 ff eb ff e3 ff d9 ff d3 ff cf ff cc ff cb ff c7 ff bf ff b7 ff c3 ff ce ff d5 ff de ff e5 ff e8 ff ea ff ea ff ea ff ea ff ec ff ee ff f0 ff f3 ff f6 ff f9 ff fd ff 00 00 02 00 03 00 03 00 02 00 01 00 00 00 01 00 02 00 00 00 02 00 02 00 03 00 03 00 04 00 05 00 06 00 06 00 03 00 02 00 01 00 00 00 01 00 00 00 00 00 01 00 02 00 03 00 04 00 04 00 03 00 03 00 03 00 02 00 02 00 01 00 01 00 00 00 01 00 01 00 02 00 02 00 02 00 02 00 02 00 02 00 02 00 02 00 02 00 02 00 02 00 02 00 02 00 02 00 02 00 02 00 02 00 02 00 02 00 01 00 01 00 01 00 00 00 00 00 00 00 01 00 01 00 01 00 02 00 03 00 03 00 03 00 03 00 03 00 03 00 02 00 02 00 01 00 01 00 00 00 00 00 00 00 00 00 01 00 01 00 01 00 02 00 02 00 02 00 02 00 02 00 02 00 01 00 01 00 00 00 00 00 01 00 00 00 01 00 01 00 01 00 02 00 02 00 02 00 02 00 02 00 02 00 02 00 01 00 01 00 01 00 01 00 00 00 00 00 00 00 00 00 00 00 00 00 00 00 01 00 01 00 01 00 01 00 02 00 02 00 02 00 02 00 02 00 01 00 01 00 00 00 00 00 00 00 00 00 00 00 00 00 00 00 00 00 01 00 01 00 01 00 02 00 02 00 02 00 02 00 02 00 01 00 01 00 00 00 00 00 00 00 00 00 00 00 00 00 01 00 01 00 01 00 01 00 02 00 02 00 01 00 01 00 02 00 01 00 01 00 01 00 01 00 01 00 01 00 01 00 01 00 01 00 01 00 01 00 01 00 01 00 01 00 01 00 01 00 01 00 01 00 

[2025-02-21 02:38:59] , ACU_SN:    WTG26050900135 , Crash X ,Data: 01 00 01 00 01 00 01 00 01 00 01 00 00 00 00 00 00 00 00 00 00 00 00 00 00 00 01 00 01 00 00 00 00 00 00 00 00 00 02 00 0b 00 4f 00 7b 00 a1 00 98 00 5e 00 32 00 39 00 31 00 1a 00 f1 ff e2 ff f9 ff f3 ff f7 ff 01 00 f9 ff 06 00 00 00 fd ff 07 00 05 00 fc ff f6 ff 04 00 06 00 fa ff f5 ff 00 00 08 00 0e 00 0e 00 0c 00 00 00 f5 ff ec ff f6 ff 00 00 00 00 fc ff fe ff 04 00 08 00 03 00 fe ff fb ff fb ff fe ff ff ff 00 00 00 00 00 00 00 00 fe ff fc ff ff ff 00 00 00 00 00 00 ff ff fe ff ff ff 00 00 01 00 00 00 ff ff fc ff fc ff fd ff ff ff ff ff fe ff fe ff fe ff ff ff 02 00 03 00 02 00 ff ff fe ff ff ff ff ff 00 00 ff ff fe ff fd ff ff ff 00 00 00 00 01 00 fe ff fd ff fe ff 00 00 00 00 00 00 01 00 00 00 ff ff 00 00 00 00 00 00 ff ff fe ff fe ff ff ff 00 00 00 00 00 00 ff ff 00 00 00 00 00 00 00 00 ff ff ff ff 00 00 00 00 00 00 00 00 00 00 ff ff ff ff ff ff 00 00 00 00 00 00 00 00 ff ff 00 00 00 00 00 00 00 00 00 00 00 00 00 00 00 00 00 00 00 00 00 00 ff ff fe ff ff ff ff ff ff ff fe ff eb ff cc ff c3 ff a5 ff 82 ff 98 ff 9b ff ac ff c1 ff c3 ff e3 ff 03 00 05 00 01 00 0a 00 f9 ff ec ff f4 ff 01 00 05 00 02 00 05 00 0b 00 02 00 fe ff 03 00 08 00 09 00 08 00 01 00 fa ff fa ff fa ff f7 ff f9 ff f9 ff fe ff 04 00 00 00 08 00 07 00 08 00 07 00 08 00 07 00 05 00 03 00 ff ff fd ff fe ff fb ff fa ff f8 ff fa ff ff ff 06 00 10 00 0f 00 09 00 07 00 05 00 02 00 01 00 04 00 02 00 01 00 ff ff ff ff fc ff f7 ff f7 ff fa ff fe ff 06 00 0d 00 0c 00 08 00 04 00 03 00 04 00 02 00 01 00 00 00 fe ff ff ff ff ff fe ff fc ff f7 ff f6 ff f7 ff f9 ff fc ff 04 00 0a 00 0a 00 06 00 02 00 05 00 06 00 04 00 03 00 02 00 ff ff ff ff 00 00 ff ff fe ff fc ff fd ff fe ff 00 00 04 00 06 00 04 00 01 00 01 00 04 00 03 00 03 00 03 00 02 00 01 00 01 00 02 00 00 00 ff ff 02 00 08 00 0b 00 0d 00 10 00 10 00 11 00 13 00 14 00 12 00 0f 00 0d 00 0c 00 0c 00 0a 00 09 00 07 00 06 00 06 00 04 00 05 00 05 00 05 00 05 00 04 00 03 00 03 00 02 00 01 00 01 00 00 00 00 00 00 00 00 00 01 00 01 00 00 00 ff ff ff ff ff ff ff ff 00 00 00 00 00 00 00 00 00 00 00 00 00 00 00 00 ff ff 00 00 00 00 01 00 00 00 00 00 00 00 00 00 ff ff 00 00 00 00 ff ff ff ff ff ff 00 00 00 00 00 00 00 00 00 00 00 00 00 00 00 00 00 00 00 00 00 00 00 00 00 00 00 00 00 00 00 00 00 00 00 00 00 00 00 00 00 00 00 00 00 00 00 00 00 00 00 00 00 00 00 00 00 00 00 00 00 00 00 00 00 00 00 00 00 00 00 00 00 00 00 00 00 00 00 00 00 00 01 00 00 00 00 00 01 00 01 00 01 00 00 00 00 00 00 00 00 00 00 00 00 00 00 00 00 00 00 00 00 00 00 00 00 00 00 00 00 00 00 00 01 00 00 00 00 00 00 00 00 00 00 00 00 00 00 00 00 00 00 00 00 00 00 00 00 00 00 00 00 00 00 00 00 00 00 00 00 00 00 00 00 00 00 00 00 00 00 00 00 00 00 00 00 00 00 00 00 00 00 00 00 00 00 00 00 00 00 00 00 00 00 00 00 00 01 00 00 00 01 00 00 00 00 00 00 00 00 00 00 00 00 00 00 00 00 00 00 00 00 00 00 00 00 00 00 00 00 00 00 00 00 00 00 00 00 00 00 00 00 00 00 00 00 00 00 00 00 00 00 00 00 00 00 00 00 00 00 00 00 00 00 00 00 00 00 00 00 00 00 00 00 00 00 00 00 00 00 00 00 00 00 00 00 00 

[2025-02-21 02:39:01] , ACU_SN:    WTG26050900135 , Crash Y ,Data: 00 00 00 00 00 00 00 00 00 00 00 00 00 00 00 00 00 00 00 00 00 00 00 00 00 00 00 00 00 00 00 00 00 00 00 00 fa ff f1 ff e0 ff 5b ff 69 fe 6b fd c1 fd b9 fe 2e ff 29 ff 84 ff f2 ff 69 00 59 00 ed ff e1 ff f0 ff 0b 00 10 00 00 00 14 00 13 00 fd ff 12 00 16 00 08 00 fc ff 05 00 09 00 f9 ff ec ff e7 ff e6 ff fd ff 0f 00 17 00 20 00 23 00 0f 00 0a 00 0c 00 0b 00 02 00 f8 ff 00 00 02 00 05 00 09 00 09 00 07 00 09 00 09 00 0a 00 0a 00 07 00 08 00 06 00 06 00 08 00 05 00 02 00 01 00 01 00 02 00 02 00 03 00 05 00 08 00 0c 00 0d 00 0b 00 09 00 09 00 09 00 09 00 09 00 05 00 00 00 00 00 00 00 00 00 02 00 01 00 01 00 03 00 06 00 0a 00 0b 00 0b 00 09 00 07 00 07 00 05 00 06 00 06 00 01 00 01 00 02 00 02 00 04 00 03 00 03 00 03 00 05 00 07 00 06 00 06 00 06 00 05 00 05 00 05 00 05 00 05 00 04 00 04 00 03 00 03 00 03 00 02 00 02 00 02 00 03 00 03 00 04 00 04 00 04 00 05 00 05 00 05 00 05 00 05 00 04 00 03 00 02 00 02 00 02 00 02 00 02 00 02 00 02 00 03 00 04 00 06 00 06 00 07 00 07 00 06 00 0b 00 39 00 aa 00 42 01 83 01 9e 01 7e 01 4a 01 12 01 cc 00 8e 00 48 00 03 00 dd ff e4 ff 05 00 1a 00 14 00 2c 00 33 00 29 00 2d 00 24 00 05 00 08 00 00 00 e8 ff e9 ff ea ff ea ff fa ff 02 00 07 00 07 00 fd ff f5 ff f5 ff f0 ff e8 ff e7 ff e7 ff ee ff f4 ff fb ff ff ff 00 00 02 00 04 00 01 00 02 00 09 00 0a 00 07 00 03 00 fd ff f2 ff e0 ff d3 ff e2 ff eb ff ee ff f9 ff 01 00 03 00 03 00 04 00 05 00 06 00 06 00 0a 00 09 00 08 00 07 00 ff ff ed ff da ff df ff ed ff f3 ff f9 ff fe ff 03 00 05 00 05 00 05 00 04 00 00 00 00 00 05 00 08 00 08 00 06 00 03 00 fd ff f0 ff e7 ff ee ff f7 ff fd ff ff ff ff ff ff ff 02 00 01 00 01 00 03 00 05 00 07 00 06 00 05 00 04 00 01 00 fb ff f3 ff ee ff f4 ff fa ff fb ff fd ff fd ff fd ff fe ff fe ff fe ff fc ff fa ff fa ff f9 ff f4 ff ee ff e5 ff dc ff d4 ff d1 ff cd ff ca ff c7 ff c0 ff b8 ff bf ff c9 ff d3 ff db ff e2 ff e6 ff e9 ff e9 ff e8 ff e9 ff eb ff ed ff ef ff f2 ff f5 ff f9 ff fb ff ff ff 01 00 02 00 03 00 02 00 00 00 ff ff 00 00 00 00 00 00 02 00 02 00 02 00 02 00 03 00 05 00 06 00 05 00 04 00 03 00 02 00 01 00 01 00 01 00 01 00 02 00 03 00 03 00 03 00 03 00 02 00 02 00 02 00 02 00 01 00 01 00 01 00 01 00 01 00 01 00 01 00 02 00 02 00 02 00 02 00 02 00 02 00 02 00 02 00 02 00 02 00 02 00 02 00 02 00 02 00 02 00 02 00 02 00 01 00 00 00 00 00 00 00 00 00 01 00 01 00 02 00 02 00 02 00 03 00 03 00 03 00 03 00 02 00 02 00 02 00 01 00 01 00 00 00 00 00 00 00 00 00 00 00 00 00 01 00 01 00 02 00 02 00 02 00 02 00 02 00 02 00 01 00 01 00 01 00 01 00 01 00 01 00 01 00 01 00 02 00 02 00 02 00 02 00 01 00 01 00 01 00 01 00 01 00 01 00 01 00 01 00 00 00 00 00 00 00 00 00 00 00 00 00 00 00 01 00 01 00 01 00 01 00 01 00 01 00 01 00 01 00 01 00 01 00 01 00 01 00 00 00 00 00 00 00 00 00 00 00 00 00 00 00 00 00 01 00 01 00 01 00 01 00 01 00 01 00 01 00 01 00 01 00 01 00 01 00 01 00 01 00 01 00 01 00 01 00 01 00 01 00 01 00 01 00 01 00 01 00 01 00 01 00 01 00 01 00 01 00 01 00 01 00 01 00 01 00 01 00 01 00 01 00 01 00 01 00 01 00 01 00 01 00 01 00 01 00 

[2025-02-21 02:41:03] , ACU_SN:    WTG26050900135 , Crash X ,Data: 00 00 00 00 00 00 00 00 00 00 00 00 00 00 01 00 01 00 01 00 00 00 00 00 01 00 00 00 00 00 00 00 00 00 00 00 01 00 05 00 24 00 77 00 9a 00 a8 00 74 00 35 00 41 00 34 00 29 00 09 00 cb ff ef ff f7 ff fa ff fb ff fb ff 02 00 04 00 fa ff 07 00 0b 00 07 00 02 00 ff ff 06 00 03 00 f2 ff fb ff 02 00 09 00 08 00 02 00 f8 ff f3 ff f7 ff fc ff f9 ff fb ff ff ff 00 00 01 00 05 00 05 00 02 00 fd ff fe ff ff ff ff ff 01 00 ff ff fd ff fe ff ff ff fd ff fc ff ff ff ff ff ff ff ff ff fe ff ff ff 00 00 00 00 01 00 ff ff fd ff fc ff fc ff fe ff fe ff fe ff fe ff fd ff fe ff 01 00 02 00 02 00 01 00 ff ff fe ff 00 00 00 00 fe ff fe ff fd ff fd ff fe ff ff ff ff ff fe ff fd ff fe ff ff ff 01 00 01 00 01 00 01 00 00 00 00 00 01 00 00 00 ff ff fd ff fd ff fe ff ff ff ff ff 00 00 00 00 ff ff ff ff 00 00 00 00 00 00 00 00 00 00 00 00 00 00 00 00 00 00 00 00 ff ff ff ff ff ff ff ff 00 00 00 00 ff ff ff ff 00 00 ff ff 00 00 00 00 00 00 00 00 00 00 01 00 00 00 00 00 00 00 ff ff ff ff ff ff ff ff ff ff f6 ff d0 ff cf ff ad ff 86 ff 8f ff 9a ff 9f ff ba ff c6 ff d8 ff f6 ff 05 00 04 00 0a 00 01 00 f0 ff ef ff f9 ff 03 00 04 00 01 00 0d 00 0b 00 06 00 03 00 06 00 0c 00 08 00 00 00 fa ff f8 ff f8 ff fb ff f9 ff f8 ff fd ff 00 00 0b 00 00 00 02 00 01 00 06 00 09 00 0b 00 09 00 05 00 00 00 fd ff fe ff fc ff fa ff f6 ff fa ff fe ff 06 00 0d 00 0e 00 0a 00 08 00 05 00 03 00 01 00 02 00 02 00 ff ff ff ff fe ff ff ff fd ff fc ff fb ff ff ff 04 00 0b 00 0b 00 07 00 03 00 01 00 02 00 01 00 02 00 02 00 00 00 ff ff ff ff fd ff fe ff fc ff f9 ff f8 ff f8 ff f8 ff 01 00 08 00 0a 00 06 00 02 00 02 00 05 00 05 00 04 00 02 00 00 00 ff ff 00 00 02 00 01 00 ff ff ff ff 01 00 01 00 02 00 02 00 03 00 02 00 00 00 01 00 02 00 02 00 03 00 03 00 02 00 03 00 02 00 03 00 03 00 07 00 0b 00 0e 00 10 00 12 00 11 00 10 00 10 00 10 00 0f 00 0f 00 0d 00 0c 00 0b 00 0a 00 08 00 06 00 04 00 04 00 04 00 04 00 05 00 04 00 04 00 03 00 02 00 02 00 02 00 01 00 01 00 02 00 02 00 02 00 02 00 02 00 02 00 01 00 00 00 ff ff ff ff ff ff ff ff 00 00 00 00 ff ff 00 00 00 00 00 00 00 00 ff ff ff ff ff ff 00 00 00 00 00 00 ff ff ff ff ff ff 00 00 00 00 ff ff ff ff ff ff ff ff ff ff ff ff 00 00 ff ff ff ff ff ff 00 00 00 00 00 00 00 00 00 00 00 00 00 00 00 00 00 00 00 00 00 00 00 00 00 00 00 00 00 00 00 00 00 00 00 00 00 00 00 00 00 00 00 00 00 00 00 00 00 00 00 00 00 00 00 00 00 00 00 00 00 00 00 00 00 00 00 00 00 00 00 00 00 00 00 00 00 00 00 00 00 00 00 00 00 00 00 00 00 00 00 00 00 00 00 00 00 00 00 00 01 00 00 00 00 00 00 00 00 00 00 00 00 00 00 00 00 00 00 00 00 00 00 00 00 00 00 00 00 00 00 00 00 00 00 00 00 00 00 00 00 00 00 00 00 00 00 00 00 00 00 00 00 00 00 00 00 00 00 00 00 00 00 00 00 00 01 00 00 00 00 00 00 00 00 00 00 00 00 00 00 00 00 00 00 00 00 00 00 00 00 00 00 00 00 00 00 00 00 00 00 00 00 00 00 00 00 00 00 00 00 00 00 00 00 00 00 00 01 00 01 00 01 00 01 00 01 00 00 00 00 00 00 00 00 00 00 00 00 00 00 00 00 00 00 00 00 00 00 00 01 00 00 00 00 00 00 00 00 00 00 00 00 00 00 00 00 00 00 00 00 00 00 00 00 00 

[2025-02-21 02:41:04] , ACU_SN:    WTG26050900135 , Crash Y ,Data: 00 00 00 00 00 00 00 00 00 00 00 00 00 00 00 00 00 00 00 00 00 00 00 00 00 00 00 00 00 00 00 00 00 00 fd ff f7 ff ed ff b1 ff 9f fe b0 fd 80 fd 64 fe 1c ff 29 ff 4d ff af ff 4f 00 9f 00 14 00 e1 ff f1 ff 06 00 08 00 fa ff 09 00 16 00 f7 ff f5 ff 00 00 04 00 07 00 09 00 11 00 03 00 f1 ff f1 ff ed ff fb ff 15 00 20 00 1c 00 16 00 0f 00 0f 00 0d 00 00 00 00 00 fa ff f5 ff fb ff fb ff ff ff 03 00 04 00 07 00 07 00 0b 00 0d 00 0c 00 0b 00 0b 00 08 00 08 00 06 00 03 00 01 00 ff ff ff ff 00 00 00 00 03 00 06 00 0a 00 0e 00 0e 00 0c 00 0c 00 0b 00 0b 00 09 00 07 00 03 00 ff ff 00 00 ff ff ff ff 00 00 00 00 01 00 04 00 08 00 0c 00 0d 00 0b 00 09 00 08 00 08 00 06 00 05 00 03 00 00 00 00 00 00 00 00 00 01 00 00 00 01 00 04 00 06 00 07 00 08 00 07 00 07 00 06 00 05 00 05 00 04 00 05 00 04 00 03 00 03 00 03 00 04 00 03 00 02 00 02 00 02 00 03 00 03 00 03 00 04 00 04 00 05 00 05 00 05 00 05 00 04 00 03 00 03 00 02 00 02 00 02 00 01 00 01 00 02 00 02 00 03 00 04 00 05 00 06 00 06 00 08 00 1f 00 86 00 18 01 6f 01 9c 01 8d 01 55 01 23 01 e9 00 a5 00 72 00 23 00 e7 ff d9 ff f7 ff 13 00 10 00 1c 00 33 00 37 00 31 00 24 00 14 00 03 00 f6 ff f0 ff e5 ff e8 ff f4 ff ff ff 03 00 07 00 0c 00 04 00 ff ff f3 ff e4 ff e4 ff e7 ff e9 ff f2 ff f6 ff f5 ff fc ff 00 00 fd ff 01 00 fe ff fa ff 00 00 0f 00 12 00 0e 00 02 00 fa ff ea ff d4 ff d8 ff e9 ff ea ff f2 ff fc ff 00 00 02 00 02 00 03 00 06 00 05 00 08 00 0c 00 08 00 09 00 05 00 f4 ff df ff d9 ff e3 ff ee ff f7 ff fd ff 01 00 04 00 05 00 04 00 02 00 00 00 00 00 05 00 0b 00 0c 00 09 00 08 00 04 00 f9 ff e9 ff e5 ff f1 ff fc ff ff ff ff ff fe ff fe ff 00 00 00 00 00 00 02 00 06 00 0a 00 08 00 06 00 02 00 fc ff f6 ff ee ff f1 ff f7 ff fb ff fd ff 00 00 fe ff ff ff fe ff fd ff fb ff f8 ff f8 ff f6 ff f1 ff ec ff e1 ff d6 ff cf ff ca ff c0 ff b8 ff b4 ff b9 ff c1 ff ca ff d2 ff da ff e1 ff e7 ff eb ff eb ff eb ff eb ff eb ff ed ff ef ff f1 ff f4 ff f7 ff f9 ff fb ff fd ff 00 00 00 00 00 00 00 00 ff ff ff ff 00 00 01 00 00 00 01 00 01 00 01 00 01 00 03 00 04 00 05 00 05 00 04 00 02 00 02 00 02 00 03 00 03 00 03 00 04 00 05 00 05 00 04 00 03 00 02 00 02 00 02 00 02 00 02 00 02 00 02 00 02 00 02 00 03 00 03 00 04 00 03 00 03 00 03 00 03 00 02 00 02 00 01 00 01 00 01 00 01 00 01 00 01 00 02 00 02 00 02 00 02 00 02 00 02 00 01 00 01 00 01 00 01 00 01 00 01 00 01 00 01 00 02 00 02 00 02 00 02 00 02 00 02 00 02 00 02 00 01 00 01 00 01 00 01 00 01 00 01 00 01 00 01 00 01 00 01 00 01 00 01 00 01 00 01 00 01 00 01 00 01 00 01 00 01 00 01 00 01 00 01 00 02 00 02 00 02 00 02 00 02 00 01 00 01 00 01 00 01 00 01 00 01 00 01 00 00 00 00 00 00 00 01 00 01 00 00 00 00 00 00 00 00 00 00 00 01 00 01 00 01 00 01 00 01 00 01 00 01 00 00 00 00 00 00 00 00 00 01 00 00 00 00 00 00 00 00 00 01 00 01 00 01 00 01 00 01 00 01 00 01 00 01 00 01 00 01 00 01 00 01 00 01 00 00 00 01 00 00 00 00 00 00 00 00 00 01 00 01 00 01 00 01 00 01 00 01 00 01 00 01 00 01 00 01 00 01 00 00 00 00 00 00 00 00 00 00 00 00 00 00 00 00 00 01 00 01 00 01 00 01 00 01 00 01 00 

[2025-02-21 02:42:50] , ACU_SN:    WTG26050900135 , Crash X ,Data: 00 00 00 00 00 00 00 00 01 00 00 00 00 00 01 00 01 00 00 00 00 00 00 00 00 00 00 00 00 00 00 00 00 00 01 00 01 00 02 00 05 00 a1 00 d0 00 ba 00 76 00 4a 00 46 00 34 00 21 00 0d 00 df ff ed ff ff ff f4 ff f7 ff f9 ff fc ff 06 00 fa ff 07 00 07 00 03 00 fb ff 00 00 0a 00 00 00 f3 ff fa ff 02 00 0a 00 0b 00 01 00 f4 ff f0 ff fb ff fd ff f9 ff fb ff fe ff 00 00 03 00 07 00 06 00 02 00 fd ff fd ff ff ff ff ff 00 00 00 00 ff ff fe ff fe ff fd ff fd ff ff ff ff ff ff ff fe ff ff ff 00 00 01 00 01 00 01 00 ff ff fe ff fd ff fd ff fe ff fe ff fe ff fd ff fe ff ff ff 01 00 02 00 02 00 00 00 00 00 00 00 00 00 00 00 ff ff fe ff fd ff fe ff fe ff 00 00 00 00 fe ff fd ff fe ff ff ff 00 00 01 00 01 00 00 00 00 00 00 00 01 00 00 00 fe ff fe ff fd ff fe ff ff ff 00 00 00 00 ff ff ff ff ff ff 00 00 00 00 00 00 00 00 00 00 00 00 00 00 00 00 00 00 00 00 ff ff ff ff ff ff 00 00 00 00 ff ff 00 00 00 00 00 00 00 00 00 00 ff ff 00 00 00 00 00 00 01 00 00 00 00 00 ff ff ff ff ff ff 00 00 00 00 ff ff f4 ff cf ff d1 ff ab ff 83 ff 92 ff 99 ff a7 ff c0 ff c8 ff db ff f8 ff 06 00 00 00 08 00 fd ff ec ff e9 ff f6 ff 02 00 07 00 02 00 0d 00 0b 00 04 00 04 00 02 00 03 00 08 00 04 00 fd ff f9 ff fc ff fd ff fc ff f8 ff fe ff 07 00 0d 00 00 00 fe ff ff ff 06 00 0c 00 0a 00 06 00 04 00 ff ff fd ff fe ff fb ff fa ff f9 ff 02 00 09 00 08 00 07 00 07 00 05 00 04 00 01 00 01 00 03 00 03 00 01 00 00 00 ff ff fe ff ff ff fe ff ff ff 01 00 06 00 07 00 07 00 04 00 04 00 02 00 00 00 00 00 02 00 04 00 03 00 01 00 00 00 fe ff fd ff fe ff fd ff fb ff fb ff fa ff f8 ff fa ff 02 00 0b 00 09 00 02 00 03 00 07 00 07 00 04 00 03 00 01 00 fe ff fd ff 01 00 04 00 03 00 01 00 01 00 01 00 02 00 01 00 01 00 01 00 00 00 01 00 03 00 03 00 03 00 03 00 02 00 02 00 02 00 03 00 05 00 08 00 0a 00 0e 00 10 00 10 00 0f 00 0f 00 11 00 11 00 10 00 0e 00 0d 00 0d 00 0b 00 09 00 08 00 07 00 06 00 05 00 05 00 05 00 04 00 03 00 03 00 03 00 02 00 01 00 01 00 00 00 01 00 02 00 02 00 01 00 00 00 00 00 01 00 00 00 ff ff fe ff ff ff 00 00 00 00 00 00 ff ff ff ff ff ff ff ff ff ff fe ff fe ff ff ff ff ff 00 00 00 00 00 00 00 00 00 00 ff ff ff ff ff ff ff ff fe ff ff ff ff ff 00 00 00 00 00 00 00 00 00 00 00 00 00 00 00 00 00 00 00 00 00 00 00 00 00 00 00 00 00 00 00 00 00 00 00 00 00 00 00 00 00 00 00 00 00 00 00 00 00 00 00 00 00 00 00 00 00 00 00 00 00 00 00 00 00 00 00 00 00 00 00 00 00 00 00 00 00 00 00 00 00 00 00 00 00 00 00 00 00 00 00 00 00 00 00 00 ff ff 00 00 00 00 00 00 00 00 00 00 00 00 00 00 00 00 00 00 00 00 00 00 00 00 00 00 00 00 00 00 00 00 00 00 00 00 00 00 00 00 00 00 00 00 00 00 00 00 00 00 00 00 00 00 00 00 00 00 00 00 00 00 00 00 00 00 00 00 00 00 00 00 00 00 00 00 00 00 00 00 00 00 00 00 00 00 00 00 00 00 00 00 00 00 00 00 00 00 00 00 00 00 00 00 00 00 00 00 00 00 00 00 ff ff 00 00 00 00 00 00 00 00 00 00 00 00 00 00 00 00 00 00 00 00 00 00 00 00 00 00 00 00 00 00 00 00 00 00 00 00 00 00 00 00 00 00 00 00 00 00 00 00 00 00 00 00 00 00 00 00 00 00 00 00 00 00 00 00 00 00 00 00 00 00 00 00 00 00 00 00 

[2025-02-21 02:42:52] , ACU_SN:    WTG26050900135 , Crash Y ,Data: 00 00 00 00 00 00 00 00 00 00 00 00 00 00 00 00 00 00 00 00 00 00 00 00 00 00 00 00 00 00 00 00 00 00 fb ff f6 ff ee ff de ff f4 fd 4f fd 8c fd 8e fe 2c ff 1f ff 46 ff cc ff 48 00 70 00 0f 00 df ff f5 ff 14 00 11 00 04 00 08 00 14 00 fc ff fb ff 08 00 08 00 f9 ff 04 00 0b 00 00 00 f3 ff ee ff ed ff fc ff 21 00 29 00 19 00 13 00 10 00 0a 00 0c 00 09 00 04 00 fd ff 00 00 01 00 01 00 02 00 03 00 04 00 05 00 09 00 0b 00 0c 00 0b 00 0b 00 0b 00 09 00 0a 00 07 00 04 00 02 00 00 00 ff ff ff ff ff ff 02 00 05 00 0a 00 0d 00 0c 00 0b 00 0c 00 0b 00 0b 00 09 00 06 00 03 00 00 00 01 00 00 00 ff ff 00 00 00 00 01 00 04 00 08 00 0b 00 0b 00 0a 00 09 00 08 00 08 00 07 00 05 00 03 00 02 00 01 00 01 00 02 00 02 00 01 00 01 00 03 00 05 00 07 00 08 00 08 00 07 00 06 00 05 00 05 00 04 00 03 00 02 00 02 00 02 00 03 00 03 00 03 00 02 00 03 00 03 00 04 00 04 00 04 00 04 00 04 00 04 00 05 00 05 00 05 00 04 00 03 00 03 00 03 00 03 00 02 00 02 00 01 00 01 00 02 00 03 00 03 00 04 00 05 00 05 00 07 00 1f 00 94 00 23 01 6e 01 98 01 8b 01 50 01 2c 01 de 00 9f 00 6a 00 17 00 e6 ff df ff fd ff 1c 00 1e 00 29 00 2e 00 33 00 32 00 24 00 0f 00 fd ff f2 ff f4 ff ee ff f2 ff ee ff f7 ff 06 00 0b 00 10 00 0a 00 f8 ff e6 ff da ff dc ff e5 ff e2 ff f2 ff f8 ff fa ff 00 00 f9 ff fe ff 00 00 f9 ff f8 ff fa ff 00 00 0c 00 0b 00 06 00 f5 ff dc ff dc ff e2 ff eb ff ed ff f5 ff 00 00 02 00 02 00 03 00 04 00 04 00 02 00 05 00 09 00 0b 00 08 00 03 00 f2 ff db ff de ff ec ff f3 ff fb ff fd ff 01 00 05 00 02 00 01 00 01 00 00 00 ff ff 01 00 08 00 0d 00 0c 00 09 00 06 00 fe ff ef ff e8 ff f0 ff fc ff ff ff ff ff 00 00 ff ff fe ff fd ff fe ff fe ff 02 00 0a 00 09 00 05 00 05 00 01 00 fa ff f1 ff f1 ff f8 ff fb ff fd ff fe ff fb ff fa ff fa ff fa ff fb ff f9 ff f9 ff f5 ff ef ff e9 ff de ff d4 ff ce ff c7 ff c1 ff bd ff bc ff ba ff bd ff ca ff d3 ff dc ff e3 ff e7 ff e8 ff e7 ff e6 ff e6 ff e8 ff ed ff f2 ff f4 ff f7 ff f9 ff fb ff fc ff fe ff 00 00 03 00 04 00 03 00 00 00 ff ff ff ff 00 00 03 00 05 00 06 00 05 00 05 00 04 00 04 00 04 00 03 00 02 00 01 00 03 00 03 00 04 00 05 00 05 00 06 00 06 00 05 00 04 00 02 00 01 00 01 00 00 00 00 00 00 00 00 00 01 00 02 00 03 00 04 00 04 00 04 00 04 00 03 00 03 00 03 00 01 00 01 00 01 00 01 00 01 00 01 00 02 00 02 00 02 00 03 00 02 00 02 00 01 00 01 00 01 00 01 00 01 00 01 00 01 00 02 00 02 00 02 00 02 00 02 00 02 00 02 00 02 00 02 00 02 00 01 00 01 00 01 00 01 00 01 00 02 00 02 00 02 00 01 00 01 00 01 00 00 00 00 00 01 00 01 00 01 00 01 00 02 00 02 00 02 00 02 00 02 00 01 00 01 00 01 00 01 00 02 00 01 00 01 00 01 00 00 00 01 00 01 00 01 00 01 00 01 00 01 00 01 00 01 00 01 00 01 00 01 00 01 00 01 00 01 00 01 00 01 00 01 00 01 00 00 00 00 00 01 00 01 00 01 00 01 00 01 00 01 00 01 00 01 00 01 00 00 00 00 00 01 00 01 00 01 00 01 00 01 00 01 00 01 00 01 00 01 00 01 00 01 00 01 00 01 00 01 00 01 00 01 00 01 00 01 00 02 00 01 00 01 00 01 00 01 00 01 00 01 00 01 00 01 00 01 00 01 00 01 00 01 00 01 00 01 00 01 00 01 00 01 00 01 00 01 00 01 00 01 00 01 00 00 00 00 00 

[2025-02-21 02:44:19] , ACU_SN:    WTG26050900135 , Crash X ,Data: 00 00 00 00 01 00 01 00 01 00 01 00 01 00 00 00 00 00 00 00 00 00 00 00 00 00 00 00 00 00 01 00 01 00 01 00 01 00 00 00 02 00 5a 00 c6 00 d6 00 86 00 52 00 43 00 34 00 2a 00 21 00 e5 ff ec ff 09 00 f8 ff f8 ff fe ff f7 ff 00 00 f5 ff 00 00 09 00 07 00 fd ff fb ff 0b 00 0a 00 f9 ff f6 ff fd ff 08 00 08 00 02 00 f5 ff f2 ff f4 ff 00 00 ff ff fa ff 00 00 01 00 00 00 05 00 06 00 03 00 fd ff fc ff fe ff ff ff ff ff fe ff ff ff ff ff ff ff fd ff fb ff ff ff ff ff ff ff fe ff fe ff ff ff 00 00 00 00 00 00 ff ff fe ff fc ff fc ff fe ff fe ff fd ff fc ff fd ff fe ff 00 00 02 00 02 00 01 00 ff ff ff ff 00 00 00 00 00 00 ff ff fe ff fe ff 00 00 00 00 fd ff fb ff fd ff 00 00 00 00 00 00 01 00 00 00 00 00 00 00 00 00 00 00 00 00 ff ff ff ff fe ff fe ff ff ff 00 00 ff ff ff ff fe ff 00 00 01 00 ff ff fe ff ff ff 00 00 ff ff ff ff 00 00 00 00 ff ff ff ff ff ff ff ff ff ff ff ff 00 00 00 00 00 00 ff ff ff ff ff ff 00 00 00 00 00 00 00 00 01 00 01 00 00 00 00 00 fe ff fe ff ff ff 00 00 fd ff e2 ff d8 ff c1 ff 98 ff 7f ff 9a ff 95 ff af ff ca ff d5 ff e2 ff fc ff 00 00 02 00 0b 00 f7 ff ed ff e9 ff fa ff 04 00 07 00 0b 00 10 00 06 00 01 00 07 00 0b 00 08 00 04 00 fd ff f7 ff f8 ff fe ff fd ff fb ff fb ff 02 00 06 00 00 00 05 00 02 00 01 00 04 00 0b 00 0d 00 08 00 03 00 01 00 ff ff fd ff fb ff fa ff fc ff 03 00 08 00 0b 00 06 00 04 00 06 00 05 00 02 00 03 00 04 00 03 00 01 00 ff ff fe ff fe ff fb ff fc ff 03 00 06 00 03 00 03 00 06 00 06 00 03 00 02 00 01 00 01 00 02 00 04 00 04 00 02 00 fe ff fb ff fc ff fe ff fd ff fb ff fa ff fa ff f9 ff fb ff 05 00 0d 00 08 00 00 00 03 00 08 00 07 00 03 00 01 00 ff ff fd ff fe ff 03 00 05 00 03 00 01 00 01 00 01 00 02 00 02 00 02 00 00 00 ff ff 01 00 05 00 05 00 04 00 01 00 02 00 02 00 01 00 03 00 08 00 0b 00 0c 00 0d 00 10 00 11 00 10 00 10 00 0f 00 10 00 10 00 0e 00 0c 00 0b 00 0a 00 07 00 06 00 07 00 07 00 07 00 07 00 06 00 05 00 05 00 03 00 02 00 01 00 01 00 02 00 01 00 01 00 01 00 01 00 01 00 01 00 00 00 00 00 00 00 ff ff fe ff ff ff ff ff 00 00 01 00 02 00 ff ff fb ff fb ff fd ff fe ff fd ff fd ff ff ff 00 00 01 00 00 00 ff ff 00 00 ff ff ff ff 00 00 01 00 00 00 ff ff 00 00 00 00 00 00 00 00 00 00 00 00 ff ff ff ff 00 00 01 00 00 00 ff ff 00 00 01 00 00 00 ff ff ff ff 00 00 00 00 ff ff 00 00 00 00 00 00 00 00 00 00 00 00 ff ff 00 00 01 00 00 00 ff ff 00 00 00 00 00 00 00 00 00 00 00 00 00 00 00 00 ff ff 00 00 00 00 00 00 00 00 00 00 01 00 00 00 00 00 00 00 00 00 00 00 00 00 00 00 00 00 00 00 00 00 01 00 00 00 00 00 00 00 00 00 00 00 00 00 00 00 01 00 00 00 00 00 00 00 00 00 00 00 00 00 00 00 00 00 00 00 00 00 00 00 00 00 ff ff ff ff 00 00 00 00 00 00 ff ff 00 00 00 00 01 00 00 00 00 00 00 00 00 00 00 00 00 00 00 00 00 00 00 00 00 00 00 00 00 00 00 00 00 00 00 00 00 00 00 00 00 00 00 00 00 00 00 00 00 00 00 00 00 00 00 00 00 00 00 00 00 00 00 00 00 00 00 00 00 00 00 00 00 00 00 00 00 00 00 00 00 00 00 00 00 00 00 00 00 00 00 00 00 00 00 00 00 00 00 00 00 00 00 00 00 00 00 00 00 00 00 00 00 00 00 00 00 00 00 00 00 00 00 00 

[2025-02-21 02:44:21] , ACU_SN:    WTG26050900135 , Crash Y ,Data: 00 00 00 00 00 00 00 00 00 00 00 00 00 00 00 00 00 00 00 00 00 00 00 00 00 00 00 00 00 00 00 00 00 00 fd ff fb ff f7 ff e5 ff af fe a0 fd 66 fd 54 fe 14 ff 23 ff 25 ff ab ff 30 00 72 00 1b 00 d9 ff f5 ff 18 00 15 00 03 00 fc ff 16 00 0b 00 fc ff 05 00 0d 00 00 00 f8 ff 10 00 10 00 f4 ff ef ff e7 ff f4 ff 11 00 2b 00 22 00 13 00 0e 00 0e 00 0b 00 07 00 03 00 fe ff 00 00 00 00 01 00 01 00 04 00 05 00 06 00 09 00 0a 00 0b 00 0b 00 0a 00 0b 00 08 00 09 00 07 00 03 00 03 00 01 00 01 00 00 00 00 00 03 00 06 00 09 00 0d 00 0d 00 0b 00 0b 00 0b 00 0b 00 09 00 07 00 03 00 01 00 01 00 01 00 01 00 00 00 00 00 01 00 03 00 06 00 0a 00 0b 00 0c 00 0b 00 02 00 08 00 08 00 08 00 05 00 02 00 02 00 01 00 00 00 01 00 01 00 01 00 04 00 05 00 06 00 07 00 07 00 06 00 06 00 05 00 05 00 05 00 05 00 03 00 01 00 03 00 03 00 04 00 03 00 02 00 03 00 04 00 05 00 05 00 05 00 05 00 05 00 05 00 05 00 04 00 06 00 03 00 02 00 03 00 03 00 03 00 02 00 02 00 01 00 01 00 02 00 03 00 02 00 04 00 05 00 06 00 0b 00 4b 00 d2 00 52 01 81 01 99 01 70 01 3d 01 18 01 c1 00 82 00 4c 00 01 00 d8 ff df ff 10 00 1c 00 14 00 26 00 36 00 36 00 2e 00 1b 00 03 00 f9 ff f5 ff ec ff e4 ff f0 ff fd ff 01 00 06 00 0d 00 0f 00 0b 00 01 00 f1 ff d7 ff d1 ff de ff e6 ff ee ff fb ff 03 00 03 00 fa ff fc ff fd ff f5 ff f1 ff fa ff 06 00 0e 00 00 00 fa ff e8 ff d7 ff e6 ff ea ff f0 ff f2 ff f8 ff 00 00 03 00 03 00 05 00 04 00 03 00 01 00 07 00 0b 00 0b 00 0a 00 f9 ff dd ff e2 ff ea ff ee ff f3 ff f7 ff fd ff 03 00 00 00 00 00 02 00 04 00 01 00 01 00 03 00 06 00 09 00 0b 00 0a 00 03 00 f8 ff ed ff e9 ff f3 ff fc ff fd ff fe ff fd ff fd ff fc ff fc ff 00 00 01 00 05 00 0a 00 09 00 08 00 06 00 ff ff f4 ff eb ff ee ff f7 ff fc ff fe ff fd ff fb ff fd ff fe ff fe ff fb ff f8 ff f7 ff f0 ff e9 ff e1 ff da ff d4 ff ce ff c6 ff c0 ff be ff be ff bf ff c7 ff d0 ff d8 ff df ff e8 ff ea ff e8 ff e6 ff e4 ff e2 ff e5 ff ea ff ef ff f5 ff f9 ff fb ff fb ff fc ff fd ff fe ff ff ff 00 00 00 00 01 00 01 00 00 00 00 00 00 00 00 00 01 00 03 00 03 00 05 00 0a 00 16 00 0b 00 02 00 02 00 03 00 06 00 04 00 05 00 09 00 06 00 06 00 05 00 02 00 02 00 01 00 ff ff 00 00 ff ff ff ff 01 00 01 00 02 00 03 00 03 00 05 00 04 00 04 00 03 00 04 00 00 00 01 00 02 00 02 00 02 00 01 00 01 00 03 00 02 00 03 00 03 00 02 00 02 00 03 00 01 00 00 00 01 00 01 00 02 00 01 00 01 00 02 00 02 00 02 00 02 00 02 00 02 00 02 00 01 00 00 00 01 00 01 00 01 00 01 00 01 00 01 00 01 00 02 00 02 00 01 00 01 00 01 00 02 00 02 00 01 00 02 00 01 00 00 00 01 00 01 00 01 00 01 00 01 00 01 00 01 00 01 00 01 00 01 00 01 00 02 00 02 00 01 00 01 00 01 00 01 00 01 00 01 00 00 00 01 00 01 00 02 00 01 00 01 00 01 00 01 00 01 00 01 00 01 00 01 00 01 00 01 00 01 00 01 00 01 00 01 00 01 00 01 00 01 00 01 00 01 00 00 00 01 00 01 00 01 00 01 00 01 00 01 00 00 00 00 00 01 00 00 00 00 00 01 00 01 00 01 00 01 00 02 00 02 00 01 00 00 00 01 00 01 00 01 00 01 00 01 00 01 00 01 00 01 00 01 00 01 00 01 00 01 00 01 00 01 00 01 00 02 00 01 00 02 00 02 00 01 00 01 00 01 00 01 00 01 00 01 00 

[2025-02-21 02:45:51] , ACU_SN:    WTG26050900135 , Crash X ,Data: 00 00 01 00 00 00 00 00 00 00 00 00 01 00 00 00 01 00 00 00 00 00 00 00 00 00 00 00 00 00 00 00 00 00 01 00 06 00 10 00 1f 00 c1 00 b7 00 95 00 6e 00 37 00 36 00 20 00 1b 00 ff ff eb ff 01 00 12 00 ef ff 01 00 fc ff f2 ff fe ff f6 ff 04 00 06 00 05 00 fd ff ff ff 08 00 07 00 ff ff fb ff ff ff 08 00 0a 00 ff ff ed ff f8 ff f7 ff 00 00 00 00 fc ff 01 00 00 00 ff ff 06 00 05 00 00 00 fd ff fb ff fd ff fe ff 00 00 ff ff ff ff ff ff 00 00 fe ff fb ff ff ff ff ff fe ff fe ff fe ff ff ff 01 00 01 00 01 00 00 00 fe ff fd ff fd ff fe ff ff ff fd ff fd ff fe ff ff ff ff ff 02 00 02 00 00 00 00 00 ff ff 01 00 00 00 ff ff ff ff fe ff fe ff ff ff 00 00 ff ff fd ff fd ff fe ff ff ff 00 00 00 00 00 00 00 00 00 00 00 00 01 00 00 00 ff ff fe ff fe ff ff ff ff ff 00 00 00 00 ff ff ff ff 00 00 01 00 00 00 00 00 00 00 00 00 00 00 00 00 00 00 00 00 00 00 ff ff ff ff ff ff 00 00 ff ff 00 00 ff ff ff ff 00 00 00 00 00 00 ff ff 00 00 00 00 00 00 01 00 00 00 00 00 ff ff 00 00 00 00 00 00 00 00 fe ff e9 ff de ff ca ff 9b ff 7a ff 95 ff 93 ff a8 ff c3 ff d7 ff e8 ff f8 ff 00 00 01 00 0b 00 fc ff f1 ff e7 ff f4 ff fc ff 04 00 06 00 0f 00 0f 00 09 00 08 00 05 00 09 00 06 00 fd ff f7 ff f6 ff fc ff fe ff ff ff ff ff 00 00 05 00 00 00 05 00 ff ff fe ff 05 00 0e 00 10 00 0c 00 04 00 fd ff fe ff fd ff fb ff fa ff f8 ff fe ff 08 00 0e 00 09 00 04 00 05 00 06 00 04 00 02 00 03 00 04 00 01 00 00 00 fe ff fe ff fd ff fc ff 02 00 05 00 03 00 04 00 07 00 06 00 03 00 01 00 00 00 ff ff 01 00 06 00 09 00 05 00 ff ff fb ff fd ff fe ff fb ff f8 ff f9 ff f9 ff f9 ff fb ff 00 00 08 00 08 00 04 00 05 00 07 00 07 00 04 00 01 00 fd ff fc ff fd ff 01 00 06 00 06 00 03 00 01 00 02 00 03 00 02 00 ff ff ff ff ff ff 00 00 03 00 07 00 09 00 04 00 00 00 02 00 04 00 03 00 05 00 09 00 10 00 0f 00 0a 00 08 00 0d 00 10 00 12 00 12 00 13 00 11 00 0f 00 0c 00 0b 00 07 00 06 00 07 00 07 00 07 00 06 00 06 00 04 00 03 00 02 00 02 00 01 00 01 00 02 00 02 00 01 00 01 00 02 00 02 00 02 00 01 00 00 00 00 00 00 00 00 00 00 00 fe ff ff ff ff ff ff ff 00 00 01 00 01 00 fe ff fc ff fd ff 00 00 00 00 fe ff fc ff fe ff ff ff 00 00 ff ff 00 00 00 00 00 00 00 00 01 00 01 00 01 00 00 00 00 00 ff ff ff ff fe ff 00 00 00 00 ff ff 00 00 01 00 01 00 01 00 00 00 00 00 ff ff ff ff 00 00 01 00 00 00 ff ff ff ff ff ff ff ff ff ff 01 00 01 00 00 00 00 00 00 00 00 00 ff ff ff ff 00 00 00 00 00 00 00 00 00 00 ff ff 00 00 00 00 00 00 00 00 00 00 00 00 00 00 00 00 00 00 00 00 00 00 00 00 00 00 00 00 00 00 00 00 00 00 00 00 00 00 00 00 00 00 00 00 00 00 01 00 01 00 01 00 00 00 00 00 00 00 00 00 00 00 00 00 00 00 00 00 00 00 00 00 00 00 00 00 00 00 00 00 00 00 00 00 00 00 00 00 00 00 00 00 00 00 00 00 00 00 01 00 00 00 00 00 00 00 00 00 00 00 00 00 00 00 00 00 00 00 00 00 00 00 00 00 00 00 00 00 00 00 00 00 00 00 00 00 00 00 00 00 00 00 00 00 00 00 01 00 01 00 00 00 00 00 01 00 01 00 00 00 00 00 00 00 00 00 00 00 00 00 00 00 00 00 00 00 00 00 00 00 ff ff 00 00 00 00 00 00 00 00 00 00 00 00 01 00 00 00 00 00 01 00 00 00 00 00 00 00 00 00 

[2025-02-21 02:45:53] , ACU_SN:    WTG26050900135 , Crash Y ,Data: 00 00 00 00 00 00 00 00 00 00 00 00 00 00 00 00 00 00 00 00 00 00 00 00 00 00 00 00 00 00 00 00 00 00 fc ff f7 ff f0 ff d7 ff d1 fd 1f fd bf fd bc fe 38 ff 0d ff 4e ff e2 ff 96 00 5e 00 f4 ff cd ff 11 00 1b 00 07 00 fa ff 01 00 15 00 09 00 02 00 07 00 04 00 ff ff fc ff 15 00 0c 00 f7 ff f1 ff e9 ff eb ff 05 00 35 00 1f 00 0b 00 13 00 10 00 0e 00 08 00 00 00 fe ff 00 00 01 00 04 00 ff ff 05 00 04 00 04 00 07 00 07 00 08 00 0a 00 0b 00 0c 00 08 00 0a 00 07 00 05 00 03 00 01 00 00 00 ff ff ff ff 02 00 05 00 0a 00 0d 00 0c 00 0b 00 0b 00 0c 00 0b 00 09 00 06 00 02 00 01 00 02 00 01 00 00 00 00 00 00 00 01 00 04 00 07 00 0a 00 0a 00 0a 00 08 00 08 00 08 00 06 00 05 00 02 00 01 00 01 00 01 00 01 00 00 00 00 00 01 00 03 00 05 00 06 00 07 00 07 00 06 00 06 00 06 00 05 00 05 00 03 00 02 00 02 00 03 00 03 00 03 00 02 00 02 00 03 00 04 00 05 00 05 00 06 00 06 00 05 00 05 00 04 00 05 00 04 00 03 00 03 00 02 00 02 00 02 00 02 00 01 00 02 00 02 00 03 00 03 00 03 00 03 00 04 00 04 00 08 00 44 00 ba 00 41 01 7c 01 9e 01 72 01 47 01 19 01 d1 00 91 00 53 00 0f 00 db ff d9 ff 01 00 1f 00 14 00 23 00 31 00 3d 00 34 00 1f 00 0c 00 00 00 f4 ff e9 ff e4 ff ed ff ff ff ff ff 06 00 0c 00 0d 00 0e 00 04 00 ec ff d5 ff cf ff e2 ff ec ff f3 ff f8 ff fc ff 01 00 fa ff fa ff fc ff f8 ff f2 ff fc ff 00 00 08 00 09 00 01 00 f1 ff df ff df ff e5 ff ee ff ed ff fa ff 01 00 02 00 04 00 03 00 03 00 03 00 fe ff 03 00 08 00 0c 00 0d 00 03 00 f0 ff e0 ff e0 ff ea ff f1 ff f7 ff fe ff 07 00 06 00 02 00 01 00 01 00 00 00 ff ff 01 00 06 00 07 00 08 00 07 00 02 00 f9 ff f4 ff f0 ff f3 ff f8 ff fc ff ff ff ff ff fe ff fe ff ff ff ff ff 01 00 03 00 07 00 09 00 07 00 04 00 ff ff f5 ff ed ff ef ff f6 ff fb ff ff ff ff ff fe ff fa ff f9 ff fd ff fb ff f9 ff fb ff fb ff f3 ff e4 ff d4 ff ce ff ca ff c4 ff c0 ff bb ff ba ff bd ff c4 ff cd ff d6 ff de ff e6 ff ea ff ea ff e9 ff e7 ff e5 ff e7 ff ea ff ef ff f4 ff f9 ff fc ff fc ff fd ff fe ff fe ff fe ff ff ff ff ff ff ff fe ff ff ff 00 00 ff ff fe ff fe ff ff ff fe ff fc ff fd ff fe ff 02 00 08 00 1b 00 11 00 05 00 0c 00 0c 00 0c 00 0f 00 0b 00 0a 00 08 00 03 00 00 00 fe ff fd ff fc ff fd ff ff ff 01 00 02 00 05 00 05 00 03 00 05 00 00 00 02 00 01 00 00 00 02 00 01 00 01 00 01 00 02 00 01 00 01 00 03 00 03 00 03 00 03 00 02 00 01 00 01 00 01 00 01 00 01 00 01 00 01 00 01 00 01 00 01 00 02 00 01 00 02 00 02 00 02 00 02 00 01 00 02 00 02 00 01 00 01 00 01 00 02 00 01 00 01 00 01 00 01 00 01 00 01 00 01 00 01 00 01 00 01 00 02 00 02 00 02 00 02 00 01 00 01 00 01 00 01 00 01 00 01 00 00 00 00 00 01 00 01 00 02 00 01 00 01 00 01 00 01 00 01 00 01 00 01 00 01 00 00 00 01 00 01 00 01 00 01 00 01 00 01 00 01 00 01 00 01 00 01 00 01 00 01 00 00 00 01 00 01 00 01 00 01 00 01 00 01 00 01 00 01 00 01 00 01 00 01 00 01 00 01 00 01 00 01 00 01 00 01 00 01 00 01 00 01 00 01 00 01 00 01 00 01 00 01 00 01 00 01 00 00 00 00 00 01 00 01 00 01 00 00 00 01 00 01 00 01 00 01 00 01 00 00 00 01 00 01 00 00 00 01 00 01 00 00 00 01 00 01 00 01 00 01 00 01 00 01 00 01 00 

[2025-02-21 02:47:03] , ACU_SN:    WTG26050900135 , Crash X ,Data: 00 00 00 00 00 00 00 00 00 00 00 00 00 00 01 00 01 00 01 00 01 00 00 00 00 00 00 00 00 00 00 00 00 00 02 00 09 00 1a 00 30 00 98 00 a1 00 97 00 6c 00 41 00 35 00 19 00 1c 00 f9 ff f2 ff fc ff 15 00 ff ff 04 00 03 00 f6 ff f8 ff f6 ff 00 00 06 00 06 00 fe ff fd ff 08 00 08 00 03 00 fd ff 00 00 06 00 07 00 05 00 ed ff f4 ff f6 ff 00 00 02 00 fa ff fd ff 02 00 ff ff 03 00 06 00 ff ff fd ff fe ff fe ff ff ff fe ff fe ff fe ff ff ff 00 00 00 00 fd ff ff ff 00 00 fe ff fe ff fe ff fe ff 00 00 00 00 00 00 00 00 fe ff fc ff fd ff fe ff fe ff fd ff fd ff fe ff ff ff ff ff 02 00 02 00 00 00 00 00 00 00 01 00 00 00 ff ff ff ff fd ff fd ff ff ff ff ff ff ff fe ff fd ff ff ff ff ff 00 00 00 00 00 00 00 00 00 00 00 00 01 00 01 00 ff ff ff ff fe ff fe ff ff ff 00 00 ff ff ff ff ff ff 00 00 00 00 00 00 00 00 00 00 00 00 00 00 00 00 00 00 00 00 00 00 ff ff ff ff ff ff ff ff ff ff 00 00 00 00 00 00 00 00 00 00 00 00 00 00 00 00 00 00 00 00 00 00 00 00 00 00 ff ff ff ff ff ff ff ff 00 00 ff ff f0 ff e6 ff dc ff 99 ff 6d ff 8f ff 90 ff a3 ff c1 ff dd ff e6 ff f7 ff 04 00 ff ff 04 00 fd ff f6 ff e7 ff ed ff f3 ff fb ff 04 00 0c 00 0d 00 07 00 15 00 21 00 0a 00 00 00 fd ff fc ff f9 ff fa ff fd ff 00 00 ff ff 05 00 07 00 04 00 ff ff ff ff 00 00 02 00 07 00 0d 00 11 00 09 00 ff ff fd ff ff ff fe ff fe ff ff ff 02 00 08 00 06 00 01 00 03 00 05 00 04 00 00 00 00 00 04 00 04 00 03 00 01 00 fe ff fc ff fb ff fa ff 02 00 02 00 06 00 07 00 02 00 03 00 03 00 05 00 01 00 00 00 03 00 05 00 03 00 02 00 01 00 fe ff fc ff fc ff fd ff fd ff fb ff f9 ff f9 ff fb ff 00 00 04 00 03 00 00 00 ff ff 03 00 08 00 07 00 04 00 00 00 fe ff ff ff 03 00 04 00 03 00 00 00 06 00 0c 00 06 00 02 00 ff ff ff ff ff ff ff ff 01 00 01 00 01 00 02 00 04 00 04 00 03 00 04 00 0a 00 0c 00 0d 00 0d 00 0d 00 10 00 10 00 12 00 14 00 14 00 12 00 0f 00 0b 00 0a 00 08 00 05 00 05 00 07 00 08 00 07 00 07 00 06 00 04 00 03 00 02 00 00 00 00 00 00 00 01 00 02 00 03 00 03 00 03 00 02 00 01 00 01 00 01 00 01 00 00 00 fe ff fd ff ff ff 01 00 01 00 00 00 00 00 f9 ff f7 ff fe ff ff ff 00 00 fe ff fe ff 02 00 00 00 02 00 01 00 00 00 00 00 00 00 00 00 00 00 00 00 00 00 00 00 00 00 00 00 00 00 ff ff ff ff ff ff 00 00 00 00 00 00 01 00 01 00 01 00 00 00 00 00 00 00 00 00 00 00 00 00 00 00 00 00 00 00 00 00 00 00 00 00 00 00 00 00 00 00 00 00 00 00 00 00 00 00 00 00 00 00 00 00 00 00 00 00 00 00 ff ff 00 00 00 00 00 00 00 00 00 00 00 00 00 00 00 00 00 00 00 00 00 00 00 00 00 00 00 00 00 00 00 00 00 00 00 00 00 00 00 00 00 00 00 00 00 00 00 00 01 00 00 00 00 00 00 00 00 00 ff ff ff ff 00 00 00 00 00 00 00 00 00 00 00 00 00 00 00 00 00 00 00 00 00 00 00 00 00 00 00 00 00 00 00 00 00 00 00 00 00 00 00 00 00 00 00 00 00 00 00 00 00 00 00 00 00 00 00 00 00 00 00 00 00 00 00 00 00 00 00 00 00 00 00 00 00 00 00 00 00 00 00 00 00 00 01 00 00 00 00 00 00 00 00 00 00 00 00 00 00 00 00 00 00 00 00 00 00 00 00 00 00 00 00 00 00 00 00 00 00 00 00 00 00 00 00 00 00 00 00 00 01 00 00 00 00 00 00 00 00 00 00 00 00 00 00 00 00 00 00 00 00 00 

[2025-02-21 02:47:05] , ACU_SN:    WTG26050900135 , Crash Y ,Data: 00 00 00 00 00 00 00 00 00 00 00 00 00 00 00 00 00 00 00 00 00 00 00 00 00 00 00 00 00 00 00 00 00 00 fd ff fa ff f7 ff ca ff 26 fe 38 fd a7 fd 9f fe 2d ff 1c ff 3d ff d8 ff b8 00 68 00 f2 ff c1 ff 03 00 18 00 02 00 f7 ff f8 ff 13 00 0f 00 0a 00 12 00 08 00 fc ff ff ff 13 00 0d 00 f8 ff f2 ff f3 ff e9 ff ea ff 21 00 25 00 15 00 0f 00 18 00 11 00 0e 00 09 00 fe ff 00 00 04 00 07 00 ff ff fe ff 03 00 fd ff 02 00 09 00 09 00 0a 00 0c 00 0d 00 0c 00 0c 00 0a 00 06 00 04 00 02 00 00 00 ff ff ff ff 00 00 04 00 08 00 0b 00 0c 00 0b 00 0c 00 0c 00 0c 00 0a 00 07 00 03 00 01 00 01 00 01 00 00 00 ff ff ff ff 01 00 03 00 06 00 09 00 0a 00 0b 00 0a 00 09 00 09 00 07 00 05 00 03 00 01 00 01 00 01 00 01 00 01 00 00 00 01 00 03 00 05 00 06 00 07 00 07 00 07 00 06 00 06 00 06 00 05 00 04 00 02 00 02 00 02 00 02 00 02 00 02 00 02 00 02 00 03 00 04 00 04 00 05 00 05 00 05 00 05 00 04 00 05 00 05 00 04 00 03 00 03 00 02 00 02 00 01 00 01 00 01 00 02 00 03 00 03 00 04 00 04 00 04 00 04 00 07 00 3e 00 a7 00 3a 01 6e 01 9d 01 77 01 4e 01 23 01 df 00 97 00 83 00 46 00 f4 ff cb ff db ff 07 00 12 00 25 00 22 00 2f 00 2f 00 17 00 0a 00 fd ff f8 ff ed ff cc ff e6 ff f6 ff f4 ff 02 00 10 00 12 00 11 00 09 00 ff ff f2 ff da ff d6 ff e9 ff f3 ff fd ff 00 00 00 00 fa ff f7 ff f8 ff f6 ff f1 ff f3 ff 01 00 0a 00 00 00 ff ff ea ff df ff e4 ff e7 ff ea ff f0 ff f8 ff 00 00 05 00 06 00 05 00 06 00 07 00 04 00 02 00 04 00 0a 00 0b 00 f5 ff e1 ff e9 ff ec ff e9 ff ed ff f6 ff fa ff 00 00 00 00 01 00 02 00 03 00 04 00 05 00 06 00 06 00 06 00 07 00 08 00 02 00 fa ff f3 ff f0 ff f6 ff fb ff fc ff fe ff fb ff fb ff 00 00 00 00 ff ff 02 00 05 00 09 00 09 00 09 00 ff ff ed ff ed ff ef ff f1 ff f8 ff fd ff fd ff ff ff fe ff fc ff fb ff f7 ff f2 ff f7 ff f1 ff e5 ff e1 ff df ff d9 ff d0 ff cb ff c1 ff b9 ff b9 ff bb ff c3 ff cc ff d6 ff dc ff e4 ff ec ff ef ff ed ff eb ff e8 ff e7 ff e9 ff ed ff f2 ff f8 ff fb ff fd ff fd ff fd ff fd ff fd ff fe ff fe ff fd ff fc ff fc ff 00 00 00 00 ff ff fd ff fe ff 00 00 fe ff fd ff fe ff fe ff 17 00 23 00 0b 00 02 00 07 00 08 00 10 00 10 00 09 00 0a 00 07 00 02 00 01 00 fe ff fd ff fd ff fd ff ff ff 01 00 01 00 04 00 05 00 06 00 07 00 00 00 02 00 01 00 00 00 00 00 ff ff ff ff ff ff 00 00 02 00 02 00 02 00 03 00 03 00 04 00 03 00 02 00 01 00 01 00 01 00 01 00 01 00 01 00 01 00 01 00 01 00 02 00 02 00 02 00 02 00 02 00 02 00 02 00 02 00 02 00 02 00 02 00 02 00 02 00 02 00 02 00 01 00 01 00 01 00 00 00 00 00 01 00 01 00 02 00 02 00 02 00 02 00 02 00 02 00 02 00 02 00 01 00 01 00 01 00 01 00 01 00 00 00 00 00 00 00 00 00 01 00 01 00 01 00 01 00 01 00 01 00 01 00 01 00 01 00 01 00 02 00 01 00 01 00 00 00 00 00 00 00 00 00 01 00 01 00 01 00 01 00 01 00 01 00 01 00 01 00 01 00 01 00 01 00 01 00 01 00 01 00 01 00 01 00 01 00 01 00 01 00 01 00 01 00 01 00 01 00 01 00 01 00 02 00 01 00 02 00 01 00 01 00 01 00 01 00 01 00 01 00 00 00 01 00 01 00 00 00 00 00 01 00 01 00 01 00 02 00 02 00 01 00 01 00 01 00 01 00 01 00 00 00 01 00 01 00 01 00 01 00 01 00 01 00 01 00 

[2025-02-21 02:48:47] , ACU_SN:    WTG26050900135 , Crash X ,Data: 00 00 01 00 01 00 01 00 01 00 01 00 00 00 01 00 01 00 01 00 00 00 00 00 00 00 00 00 00 00 00 00 01 00 00 00 01 00 03 00 0f 00 24 00 39 00 9c 00 c8 00 6e 00 52 00 3a 00 26 00 17 00 f6 ff eb ff e4 ff 05 00 14 00 01 00 08 00 fa ff 01 00 f5 ff fd ff 09 00 09 00 06 00 fc ff 01 00 05 00 03 00 fd ff ff ff 05 00 07 00 03 00 f9 ff e5 ff f3 ff f6 ff 00 00 ff ff fd ff 04 00 04 00 04 00 06 00 02 00 fd ff fd ff fd ff fd ff fe ff fd ff fe ff ff ff 00 00 00 00 fd ff fd ff ff ff ff ff fe ff fe ff ff ff 00 00 01 00 01 00 00 00 fe ff fd ff fd ff fd ff ff ff fe ff fd ff fd ff ff ff ff ff 01 00 02 00 01 00 00 00 01 00 00 00 ff ff ff ff ff ff fe ff fd ff ff ff 00 00 ff ff fe ff fd ff fe ff ff ff ff ff 00 00 00 00 ff ff 00 00 00 00 01 00 01 00 00 00 fe ff fe ff ff ff ff ff 00 00 ff ff ff ff ff ff ff ff 00 00 00 00 ff ff 00 00 00 00 00 00 00 00 00 00 00 00 ff ff ff ff ff ff ff ff 00 00 00 00 00 00 ff ff ff ff ff ff 00 00 00 00 00 00 00 00 00 00 00 00 00 00 00 00 00 00 00 00 ff ff ff ff 00 00 00 00 00 00 00 00 fe ff ec ff ea ff e8 ff 9c ff 6a ff 93 ff 94 ff a4 ff c0 ff d3 ff e5 ff f5 ff 01 00 f8 ff 02 00 fb ff f3 ff e7 ff e9 ff f6 ff 00 00 06 00 0e 00 0f 00 11 00 26 00 12 00 08 00 01 00 00 00 fb ff f3 ff f7 ff ff ff fe ff ff ff 02 00 06 00 00 00 fc ff ff ff 00 00 ff ff 04 00 0d 00 13 00 0d 00 04 00 ff ff ff ff fd ff fd ff 01 00 03 00 04 00 05 00 03 00 03 00 05 00 05 00 00 00 ff ff 04 00 06 00 04 00 02 00 fe ff fc ff fb ff fa ff ff ff ff ff 02 00 05 00 09 00 06 00 04 00 03 00 05 00 00 00 ff ff 05 00 04 00 02 00 ff ff fc ff fd ff fd ff fc ff fc ff ff ff fc ff fe ff fd ff 06 00 08 00 04 00 02 00 04 00 02 00 05 00 06 00 04 00 ff ff fc ff fd ff 00 00 05 00 03 00 00 00 ff ff 01 00 04 00 09 00 05 00 00 00 fe ff 01 00 03 00 02 00 04 00 05 00 04 00 03 00 03 00 08 00 0b 00 0f 00 0f 00 0f 00 10 00 11 00 12 00 13 00 13 00 10 00 0e 00 0b 00 07 00 04 00 01 00 02 00 04 00 06 00 06 00 08 00 09 00 08 00 06 00 04 00 02 00 02 00 01 00 01 00 01 00 01 00 01 00 02 00 02 00 02 00 01 00 01 00 00 00 ff ff ff ff ff ff ff ff ff ff ff ff 00 00 fa ff f3 ff fc ff 00 00 ff ff fc ff fc ff 01 00 00 00 00 00 01 00 01 00 01 00 01 00 01 00 02 00 02 00 00 00 00 00 00 00 00 00 00 00 00 00 00 00 00 00 00 00 ff ff ff ff 00 00 01 00 01 00 01 00 00 00 00 00 00 00 00 00 00 00 00 00 00 00 00 00 ff ff ff ff 00 00 00 00 00 00 00 00 00 00 00 00 00 00 00 00 00 00 00 00 00 00 00 00 00 00 00 00 00 00 00 00 00 00 00 00 00 00 00 00 00 00 00 00 00 00 00 00 00 00 00 00 00 00 00 00 00 00 00 00 00 00 00 00 00 00 00 00 00 00 00 00 00 00 00 00 00 00 00 00 00 00 00 00 00 00 00 00 00 00 00 00 00 00 00 00 00 00 00 00 00 00 00 00 00 00 00 00 00 00 00 00 00 00 00 00 00 00 00 00 00 00 00 00 00 00 00 00 00 00 00 00 00 00 00 00 00 00 00 00 00 00 00 00 00 00 00 00 00 00 00 00 00 00 00 00 00 00 00 00 00 00 00 00 00 00 ff ff 00 00 00 00 00 00 00 00 00 00 00 00 01 00 00 00 00 00 00 00 00 00 00 00 00 00 00 00 00 00 00 00 00 00 00 00 00 00 00 00 00 00 00 00 00 00 00 00 00 00 00 00 00 00 00 00 00 00 00 00 00 00 00 00 00 00 00 00 00 00 00 00 

[2025-02-21 02:48:49] , ACU_SN:    WTG26050900135 , Crash Y ,Data: 00 00 00 00 00 00 00 00 00 00 00 00 00 00 00 00 00 00 00 00 00 00 00 00 00 00 00 00 00 00 00 00 00 00 00 00 fe ff f8 ff d2 ff 52 ff d4 fe d4 fd 80 fd 5c fe 15 ff 25 ff 2e ff ba ff e1 00 7e 00 0a 00 cf ff e3 ff 10 00 06 00 f1 ff f4 ff 0c 00 0c 00 0c 00 0d 00 10 00 07 00 06 00 12 00 10 00 fe ff f6 ff f5 ff e7 ff e8 ff ff ff 30 00 1a 00 0a 00 17 00 14 00 00 00 05 00 fd ff fb ff fe ff 01 00 fe ff fd ff 04 00 02 00 03 00 09 00 07 00 09 00 0e 00 0c 00 0b 00 0a 00 09 00 06 00 04 00 03 00 01 00 00 00 fe ff 00 00 03 00 06 00 0a 00 0c 00 0c 00 0b 00 0c 00 0c 00 0b 00 08 00 05 00 02 00 02 00 01 00 00 00 00 00 00 00 ff ff 02 00 05 00 08 00 09 00 0b 00 0a 00 09 00 09 00 08 00 06 00 04 00 02 00 02 00 02 00 02 00 02 00 01 00 02 00 03 00 05 00 06 00 06 00 06 00 06 00 06 00 06 00 06 00 06 00 05 00 04 00 03 00 03 00 03 00 03 00 02 00 02 00 02 00 03 00 03 00 04 00 05 00 04 00 05 00 05 00 05 00 06 00 05 00 04 00 03 00 03 00 02 00 02 00 02 00 02 00 02 00 02 00 03 00 03 00 03 00 03 00 03 00 03 00 04 00 04 00 08 00 40 00 ab 00 38 01 68 01 93 01 7c 01 40 01 1c 01 d0 00 a4 00 98 00 57 00 06 00 cc ff cb ff 00 00 10 00 18 00 18 00 22 00 21 00 15 00 0b 00 f6 ff e6 ff d1 ff ee ff f5 ff f8 ff fc ff 04 00 0e 00 11 00 11 00 0a 00 0b 00 01 00 f1 ff df ff dc ff ec ff fb ff 03 00 03 00 f9 ff ec ff f4 ff f8 ff f2 ff f2 ff fc ff 07 00 00 00 03 00 ee ff d9 ff e3 ff e8 ff ea ff f1 ff f7 ff fe ff 03 00 03 00 02 00 04 00 06 00 04 00 02 00 04 00 09 00 12 00 0d 00 f0 ff d9 ff ea ff ea ff e7 ff f4 ff fb ff fe ff 00 00 00 00 01 00 04 00 05 00 07 00 04 00 03 00 07 00 0b 00 0e 00 02 00 ee ff e1 ff ee ff f2 ff f2 ff f9 ff fd ff ff ff ff ff ff ff 00 00 00 00 01 00 01 00 06 00 09 00 09 00 0b 00 0a 00 01 00 ea ff e8 ff f2 ff f5 ff 00 00 fe ff f8 ff f4 ff f2 ff ed ff ec ff f0 ff e8 ff e0 ff db ff d8 ff d0 ff c7 ff c1 ff b8 ff b8 ff be ff c7 ff d1 ff d9 ff de ff e4 ff ec ff f3 ff f5 ff f3 ff f1 ff eb ff eb ff f0 ff f3 ff f6 ff f9 ff fb ff fc ff fd ff fd ff fd ff fd ff fd ff fe ff fc ff fb ff 00 00 00 00 00 00 00 00 00 00 01 00 ff ff ff ff 01 00 12 00 24 00 0d 00 03 00 0b 00 0a 00 0b 00 0c 00 09 00 07 00 06 00 02 00 00 00 fe ff fd ff fd ff fd ff ff ff 01 00 02 00 05 00 05 00 05 00 06 00 00 00 03 00 03 00 02 00 02 00 01 00 00 00 00 00 00 00 01 00 01 00 01 00 01 00 02 00 02 00 03 00 02 00 02 00 02 00 02 00 02 00 02 00 02 00 02 00 01 00 01 00 01 00 00 00 01 00 01 00 01 00 01 00 01 00 02 00 02 00 02 00 03 00 03 00 03 00 03 00 02 00 02 00 02 00 01 00 01 00 01 00 01 00 01 00 00 00 00 00 00 00 01 00 01 00 01 00 02 00 02 00 02 00 02 00 02 00 02 00 02 00 02 00 01 00 01 00 01 00 00 00 00 00 00 00 00 00 00 00 00 00 01 00 01 00 02 00 02 00 02 00 02 00 02 00 02 00 01 00 01 00 00 00 00 00 00 00 00 00 00 00 00 00 01 00 01 00 02 00 01 00 01 00 02 00 01 00 01 00 01 00 01 00 01 00 01 00 01 00 01 00 00 00 00 00 00 00 00 00 00 00 01 00 01 00 01 00 01 00 01 00 01 00 01 00 02 00 02 00 02 00 02 00 02 00 01 00 01 00 01 00 00 00 00 00 00 00 00 00 01 00 01 00 01 00 01 00 01 00 01 00 01 00 01 00 01 00 01 00 01 00 01 00 01 00 

[2025-02-21 02:49:57] , ACU_SN:    WTG26050900135 , Crash X ,Data: 00 00 00 00 00 00 00 00 00 00 00 00 00 00 00 00 00 00 01 00 00 00 01 00 01 00 01 00 01 00 00 00 00 00 00 00 01 00 05 00 15 00 0d 00 56 00 d3 00 a9 00 64 00 4a 00 30 00 23 00 31 00 c0 ff f1 ff e8 ff 17 00 0d 00 02 00 ff ff fe ff fa ff f8 ff 09 00 0e 00 0d 00 06 00 04 00 07 00 08 00 04 00 fa ff fa ff 04 00 03 00 06 00 f8 ff d8 ff ed ff f2 ff fa ff fc ff fe ff 05 00 09 00 00 00 02 00 01 00 fd ff fd ff fb ff fb ff fc ff fc ff fd ff fe ff ff ff 00 00 ff ff ff ff ff ff ff ff fe ff fe ff ff ff 00 00 02 00 01 00 ff ff fd ff fd ff fd ff fe ff fe ff fe ff fe ff ff ff ff ff ff ff 01 00 02 00 01 00 ff ff 00 00 00 00 00 00 00 00 ff ff fd ff fe ff ff ff 00 00 ff ff fe ff fe ff fe ff ff ff ff ff 00 00 00 00 00 00 01 00 01 00 01 00 00 00 00 00 ff ff fe ff ff ff ff ff ff ff ff ff ff ff ff ff 00 00 00 00 00 00 ff ff ff ff ff ff 00 00 00 00 00 00 00 00 ff ff ff ff ff ff 00 00 00 00 00 00 00 00 00 00 ff ff ff ff ff ff 00 00 ff ff 00 00 00 00 00 00 00 00 00 00 00 00 ff ff ff ff ff ff 00 00 00 00 fb ff e5 ff fc ff b9 ff 82 ff 7a ff 97 ff 9d ff b1 ff c9 ff de ff ec ff fd ff f8 ff f5 ff 05 00 fc ff f2 ff e0 ff ef ff fc ff 05 00 0b 00 12 00 0b 00 24 00 19 00 0e 00 05 00 fe ff fd ff fa ff f5 ff f9 ff fa ff 02 00 0d 00 06 00 05 00 00 00 fb ff ff ff fa ff fc ff 03 00 00 00 0c 00 0a 00 05 00 00 00 ff ff f9 ff fc ff fb ff fb ff fe ff 0b 00 08 00 07 00 05 00 05 00 04 00 04 00 06 00 06 00 00 00 fd ff fb ff fc ff fd ff fe ff fd ff ff ff ff ff 09 00 09 00 05 00 06 00 07 00 02 00 02 00 03 00 03 00 00 00 00 00 ff ff fe ff fc ff fb ff fe ff fd ff fe ff fb ff f8 ff 05 00 09 00 06 00 01 00 01 00 03 00 05 00 06 00 05 00 02 00 fd ff fd ff fe ff 01 00 02 00 00 00 00 00 00 00 01 00 07 00 0b 00 04 00 00 00 ff ff 01 00 02 00 02 00 04 00 03 00 01 00 05 00 05 00 07 00 0f 00 11 00 11 00 12 00 10 00 10 00 12 00 11 00 10 00 10 00 0e 00 0b 00 08 00 05 00 04 00 04 00 06 00 08 00 07 00 07 00 07 00 06 00 04 00 01 00 00 00 01 00 01 00 00 00 00 00 01 00 01 00 01 00 01 00 01 00 00 00 00 00 00 00 ff ff ff ff ff ff 00 00 00 00 01 00 00 00 00 00 00 00 01 00 02 00 01 00 fe ff f3 ff fc ff fe ff ff ff fd ff ff ff 02 00 ff ff 00 00 01 00 01 00 00 00 00 00 01 00 01 00 01 00 00 00 00 00 ff ff ff ff ff ff ff ff ff ff 00 00 00 00 00 00 00 00 00 00 00 00 00 00 00 00 00 00 00 00 00 00 ff ff 00 00 00 00 00 00 00 00 00 00 00 00 00 00 00 00 00 00 00 00 00 00 01 00 00 00 00 00 00 00 00 00 00 00 00 00 00 00 00 00 00 00 00 00 00 00 00 00 00 00 00 00 00 00 00 00 00 00 00 00 00 00 00 00 00 00 00 00 00 00 00 00 00 00 00 00 00 00 00 00 00 00 00 00 00 00 00 00 00 00 00 00 00 00 00 00 00 00 00 00 00 00 00 00 00 00 00 00 00 00 00 00 00 00 00 00 00 00 00 00 00 00 00 00 00 00 00 00 00 00 00 00 00 00 00 00 00 00 01 00 01 00 00 00 00 00 00 00 00 00 00 00 00 00 00 00 00 00 00 00 00 00 00 00 00 00 00 00 00 00 00 00 00 00 00 00 00 00 00 00 00 00 01 00 00 00 00 00 00 00 00 00 00 00 00 00 00 00 00 00 00 00 01 00 00 00 00 00 00 00 00 00 00 00 00 00 00 00 00 00 00 00 00 00 00 00 00 00 00 00 00 00 00 00 00 00 00 00 00 00 00 00 00 00 00 00 

[2025-02-21 02:49:59] , ACU_SN:    WTG26050900135 , Crash Y ,Data: 00 00 00 00 00 00 00 00 00 00 00 00 00 00 00 00 00 00 00 00 00 00 00 00 00 00 00 00 00 00 00 00 00 00 00 00 f9 ff ea ff 99 ff 1c ff 8f fe 70 fd d5 fd c7 fe 2d ff 16 ff 49 ff 5c 00 f6 00 3b 00 d3 ff c8 ff 04 00 0e 00 ff ff ef ff fa ff 0f 00 0d 00 05 00 08 00 08 00 00 00 0c 00 18 00 0d 00 01 00 f6 ff f3 ff f2 ff ea ff f5 ff 34 00 1e 00 04 00 0f 00 19 00 00 00 04 00 00 00 fa ff fe ff 05 00 ff ff ff ff 03 00 01 00 04 00 0a 00 08 00 0b 00 0d 00 0b 00 0b 00 0b 00 08 00 06 00 04 00 02 00 00 00 ff ff fe ff 00 00 03 00 07 00 0b 00 0c 00 0b 00 0d 00 0d 00 0c 00 0a 00 06 00 03 00 01 00 01 00 00 00 00 00 00 00 00 00 01 00 03 00 05 00 08 00 09 00 09 00 09 00 09 00 08 00 07 00 06 00 03 00 02 00 01 00 01 00 02 00 01 00 01 00 01 00 03 00 05 00 06 00 06 00 06 00 07 00 07 00 06 00 06 00 05 00 04 00 03 00 02 00 03 00 03 00 02 00 02 00 02 00 03 00 03 00 04 00 05 00 05 00 04 00 06 00 05 00 05 00 05 00 04 00 04 00 02 00 02 00 03 00 02 00 02 00 02 00 02 00 03 00 02 00 03 00 04 00 04 00 04 00 05 00 14 00 68 00 ed 00 52 01 8b 01 91 01 5e 01 41 01 fe 00 bf 00 b7 00 82 00 3f 00 ea ff ad ff d7 ff 04 00 0f 00 14 00 12 00 24 00 1f 00 0d 00 00 00 fc ff d7 ff e2 ff f3 ff f6 ff fa ff fe ff 04 00 0d 00 13 00 16 00 1a 00 12 00 f7 ff d4 ff c5 ff dc ff f7 ff fa ff 01 00 05 00 fe ff fe ff fc ff f5 ff eb ff ee ff 08 00 13 00 16 00 0f 00 f3 ff 00 00 fa ff f8 ff f2 ff f2 ff fa ff 02 00 07 00 07 00 08 00 07 00 05 00 05 00 08 00 0c 00 11 00 0a 00 ef ff d7 ff e6 ff ea ff e7 ff f0 ff f6 ff fb ff 00 00 00 00 01 00 04 00 06 00 06 00 04 00 03 00 07 00 0e 00 0c 00 0a 00 fd ff de ff e5 ff f1 ff f6 ff f7 ff fb ff 00 00 ff ff 00 00 01 00 02 00 01 00 02 00 07 00 0a 00 0a 00 0c 00 0c 00 08 00 f4 ff e1 ff ec ff f3 ff f5 ff f8 ff f8 ff f6 ff f5 ff f1 ff ef ff e8 ff eb ff ec ff dc ff d8 ff d6 ff d2 ff cc ff c6 ff bf ff bf ff c4 ff cb ff d4 ff d9 ff dd ff e3 ff e9 ff ef ff f1 ff ef ff ef ff ed ff ef ff f3 ff f5 ff f9 ff fb ff fd ff ff ff ff ff ff ff fe ff ff ff ff ff ff ff fe ff fd ff 00 00 00 00 00 00 00 00 ff ff ff ff 00 00 ff ff fe ff fe ff fc ff fa ff fc ff fe ff 09 00 29 00 10 00 05 00 0e 00 11 00 09 00 0b 00 06 00 03 00 03 00 fe ff fd ff fd ff fc ff ff ff ff ff 01 00 03 00 04 00 06 00 06 00 05 00 05 00 00 00 01 00 01 00 00 00 00 00 00 00 00 00 01 00 01 00 02 00 02 00 02 00 02 00 02 00 03 00 03 00 02 00 02 00 02 00 02 00 02 00 01 00 01 00 01 00 00 00 01 00 01 00 01 00 01 00 02 00 02 00 02 00 02 00 02 00 02 00 02 00 03 00 02 00 02 00 01 00 01 00 00 00 00 00 00 00 00 00 00 00 00 00 01 00 01 00 01 00 02 00 02 00 02 00 02 00 02 00 02 00 02 00 01 00 01 00 01 00 01 00 00 00 00 00 00 00 00 00 01 00 01 00 01 00 02 00 02 00 02 00 02 00 02 00 02 00 02 00 01 00 01 00 00 00 00 00 00 00 00 00 00 00 00 00 00 00 01 00 01 00 01 00 01 00 01 00 01 00 02 00 02 00 01 00 01 00 01 00 01 00 01 00 01 00 00 00 00 00 00 00 00 00 01 00 00 00 01 00 01 00 01 00 02 00 02 00 02 00 02 00 02 00 01 00 01 00 01 00 00 00 00 00 00 00 00 00 00 00 00 00 00 00 01 00 01 00 01 00 02 00 02 00 01 00 02 00 01 00 01 00 01 00 01 00 01 00 01 00 

