[2025-02-21 02:35:35] , ACU_SN:    WTG26050900092 , Crash X ,Data: 01 00 01 00 00 00 00 00 00 00 01 00 01 00 01 00 00 00 01 00 00 00 00 00 00 00 01 00 01 00 01 00 01 00 01 00 02 00 05 00 0d 00 23 00 49 00 76 00 5a 00 3b 00 37 00 4b 00 59 00 53 00 48 00 06 00 f3 ff ee ff d5 ff eb ff f5 ff fa ff 00 00 fb ff 0a 00 0d 00 0f 00 0f 00 13 00 05 00 ef ff e6 ff e4 ff f1 ff 00 00 07 00 04 00 00 00 06 00 0b 00 09 00 08 00 00 00 f6 ff f6 ff fb ff 00 00 fe ff fb ff fa ff f9 ff fd ff 01 00 02 00 03 00 04 00 03 00 03 00 04 00 02 00 00 00 00 00 fd ff fa ff f7 ff f8 ff fc ff ff ff 02 00 00 00 fd ff fc ff ff ff 03 00 05 00 02 00 00 00 ff ff fe ff 00 00 00 00 fe ff fb ff f9 ff fa ff fe ff 01 00 02 00 01 00 00 00 00 00 02 00 03 00 02 00 00 00 fe ff ff ff ff ff 00 00 ff ff fe ff fe ff fd ff fe ff 00 00 01 00 01 00 00 00 ff ff ff ff ff ff 00 00 01 00 01 00 00 00 00 00 00 00 ff ff 00 00 00 00 00 00 ff ff fe ff ff ff ff ff 00 00 00 00 00 00 00 00 01 00 01 00 01 00 01 00 01 00 00 00 ff ff ff ff ff ff fe ff fd ff fe ff ff ff ff ff ff ff 00 00 00 00 01 00 01 00 01 00 f9 ff f1 ff 01 00 bb ff a7 ff a7 ff bc ff c5 ff b1 ff 96 ff 8e ff 97 ff bf ff dd ff 07 00 1d 00 14 00 19 00 33 00 2b 00 20 00 17 00 0c 00 fc ff f1 ff f3 ff f5 ff fa ff fa ff 00 00 08 00 07 00 fc ff f7 ff fc ff 00 00 ff ff ff ff 03 00 03 00 04 00 02 00 fe ff 03 00 05 00 04 00 07 00 0a 00 0e 00 00 00 03 00 02 00 ff ff fa ff f7 ff f5 ff f6 ff fc ff fc ff fc ff 00 00 03 00 04 00 08 00 0a 00 0c 00 0e 00 0c 00 09 00 05 00 02 00 fb ff f6 ff f8 ff f9 ff f9 ff fb ff fc ff ff ff 03 00 05 00 07 00 05 00 05 00 07 00 07 00 06 00 03 00 ff ff fd ff f9 ff f7 ff f9 ff fd ff ff ff ff ff fe ff 00 00 03 00 05 00 06 00 04 00 03 00 05 00 07 00 07 00 06 00 04 00 01 00 ff ff fe ff fe ff fe ff ff ff fc ff fb ff fd ff 00 00 03 00 03 00 05 00 07 00 08 00 0a 00 0a 00 08 00 08 00 06 00 06 00 06 00 06 00 08 00 0a 00 0b 00 0d 00 11 00 14 00 12 00 10 00 11 00 10 00 0e 00 0a 00 07 00 03 00 ff ff fe ff fd ff fd ff fe ff 00 00 01 00 02 00 04 00 05 00 05 00 04 00 02 00 01 00 ff ff fe ff fe ff fe ff fe ff fe ff fe ff ff ff 00 00 01 00 01 00 01 00 01 00 00 00 01 00 00 00 00 00 ff ff 00 00 00 00 00 00 01 00 01 00 00 00 00 00 00 00 00 00 00 00 00 00 00 00 00 00 00 00 00 00 01 00 00 00 00 00 00 00 00 00 00 00 00 00 00 00 00 00 00 00 00 00 00 00 00 00 00 00 00 00 00 00 00 00 00 00 00 00 00 00 00 00 00 00 00 00 00 00 00 00 00 00 00 00 00 00 00 00 00 00 00 00 00 00 00 00 00 00 00 00 00 00 00 00 00 00 00 00 00 00 00 00 00 00 ff ff 00 00 00 00 00 00 00 00 00 00 00 00 00 00 00 00 00 00 00 00 00 00 00 00 00 00 00 00 00 00 00 00 00 00 00 00 01 00 01 00 01 00 00 00 00 00 00 00 00 00 00 00 00 00 00 00 00 00 00 00 00 00 00 00 00 00 00 00 00 00 00 00 00 00 00 00 00 00 00 00 00 00 00 00 00 00 01 00 01 00 01 00 01 00 00 00 01 00 01 00 01 00 00 00 00 00 00 00 00 00 00 00 00 00 00 00 00 00 00 00 00 00 00 00 00 00 00 00 00 00 00 00 01 00 01 00 00 00 00 00 00 00 00 00 00 00 00 00 00 00 01 00 01 00 00 00 00 00 00 00 00 00 00 00 00 00 00 00 00 00 00 00 00 00 00 00 00 00 00 00 00 00 00 00 00 00 00 00 00 00 00 00 00 00 00 00 00 00 00 00 

[2025-02-21 02:35:37] , ACU_SN:    WTG26050900092 , Crash Y ,Data: 00 00 00 00 00 00 00 00 00 00 00 00 00 00 00 00 00 00 00 00 00 00 00 00 00 00 00 00 00 00 00 00 00 00 00 00 fb ff f1 ff e3 ff d7 ff 1e ff b0 fd 3f fd 67 fe 17 ff 4b ff 6f ff c1 ff 36 00 51 00 f9 ff ba ff bc ff 05 00 30 00 20 00 11 00 f4 ff 03 00 0c 00 16 00 0d 00 09 00 0b 00 09 00 02 00 f3 ff e4 ff e4 ff f8 ff 13 00 14 00 16 00 1a 00 17 00 16 00 12 00 08 00 00 00 f9 ff f7 ff fa ff fe ff 04 00 03 00 05 00 06 00 04 00 09 00 0d 00 0d 00 0a 00 0a 00 0a 00 09 00 05 00 02 00 00 00 01 00 ff ff ff ff 00 00 03 00 07 00 0c 00 0e 00 0c 00 08 00 0a 00 0a 00 09 00 08 00 05 00 01 00 ff ff 00 00 00 00 00 00 00 00 00 00 02 00 05 00 09 00 0b 00 0b 00 0a 00 08 00 07 00 07 00 06 00 04 00 02 00 01 00 02 00 02 00 01 00 01 00 01 00 02 00 03 00 04 00 05 00 06 00 06 00 06 00 05 00 05 00 04 00 04 00 04 00 03 00 03 00 02 00 02 00 02 00 02 00 02 00 02 00 02 00 03 00 04 00 05 00 05 00 05 00 04 00 04 00 04 00 04 00 04 00 02 00 01 00 01 00 00 00 00 00 00 00 01 00 02 00 03 00 04 00 05 00 05 00 06 00 07 00 15 00 4e 00 f7 00 77 01 9e 01 8f 01 5a 01 2d 01 fb 00 b5 00 83 00 41 00 f7 ff dc ff e6 ff 09 00 14 00 18 00 27 00 24 00 2a 00 27 00 17 00 03 00 01 00 0a 00 f2 ff e8 ff e5 ff f4 ff fc ff 00 00 fb ff fb ff fb ff fb ff f7 ff f1 ff ea ff e6 ff ed ff f0 ff f2 ff fa ff 00 00 ff ff 00 00 00 00 02 00 04 00 02 00 06 00 04 00 fc ff f4 ff e6 ff d9 ff dc ff e4 ff eb ff f4 ff fd ff 04 00 07 00 09 00 0a 00 07 00 07 00 09 00 05 00 07 00 05 00 fd ff eb ff df ff e0 ff eb ff ef ff f4 ff fc ff 03 00 08 00 09 00 0a 00 08 00 05 00 00 00 03 00 05 00 04 00 04 00 01 00 f8 ff e9 ff e6 ff f1 ff f6 ff fb ff fd ff fe ff 00 00 01 00 04 00 07 00 06 00 05 00 03 00 03 00 06 00 07 00 02 00 f7 ff ee ff f2 ff f6 ff f6 ff f7 ff f8 ff fb ff fc ff fc ff fe ff fd ff fa ff f6 ff f3 ff f3 ff ef ff e6 ff dc ff d1 ff c8 ff c3 ff c1 ff c1 ff c2 ff be ff be ff cd ff d8 ff df ff e4 ff e7 ff e9 ff ea ff ea ff ea ff eb ff ed ff f1 ff f5 ff f9 ff fd ff ff ff 01 00 01 00 02 00 02 00 02 00 01 00 01 00 02 00 01 00 00 00 01 00 02 00 02 00 03 00 02 00 03 00 04 00 03 00 03 00 02 00 02 00 01 00 01 00 02 00 02 00 02 00 02 00 02 00 02 00 02 00 02 00 02 00 01 00 01 00 01 00 02 00 01 00 01 00 01 00 02 00 02 00 02 00 02 00 02 00 02 00 01 00 02 00 01 00 01 00 01 00 01 00 01 00 02 00 02 00 02 00 02 00 02 00 02 00 01 00 01 00 00 00 00 00 00 00 00 00 00 00 01 00 01 00 01 00 02 00 02 00 02 00 03 00 03 00 02 00 02 00 02 00 01 00 01 00 01 00 00 00 00 00 00 00 01 00 01 00 01 00 01 00 02 00 02 00 02 00 02 00 02 00 01 00 01 00 00 00 00 00 00 00 00 00 00 00 00 00 00 00 00 00 00 00 00 00 01 00 01 00 01 00 01 00 02 00 02 00 02 00 02 00 01 00 01 00 00 00 00 00 00 00 00 00 00 00 00 00 00 00 00 00 00 00 00 00 00 00 00 00 00 00 01 00 01 00 01 00 00 00 00 00 00 00 00 00 00 00 00 00 00 00 00 00 00 00 00 00 00 00 00 00 01 00 01 00 01 00 01 00 01 00 01 00 01 00 00 00 00 00 00 00 01 00 00 00 01 00 01 00 01 00 01 00 00 00 01 00 01 00 01 00 01 00 01 00 01 00 01 00 01 00 00 00 00 00 00 00 00 00 00 00 00 00 01 00 00 00 01 00 01 00 01 00 01 00 01 00 02 00 01 00 

[2025-02-21 02:37:17] , ACU_SN:    WTG26050900092 , Crash X ,Data: 00 00 01 00 01 00 01 00 01 00 01 00 01 00 01 00 01 00 01 00 00 00 00 00 00 00 00 00 00 00 01 00 00 00 00 00 02 00 06 00 15 00 22 00 5a 00 63 00 59 00 39 00 32 00 52 00 60 00 3f 00 2f 00 0a 00 f9 ff e7 ff c9 ff f2 ff 03 00 fd ff 06 00 fc ff 0c 00 15 00 0b 00 06 00 0a 00 fc ff ec ff e7 ff e6 ff f3 ff 04 00 0c 00 0b 00 04 00 07 00 08 00 07 00 04 00 fc ff f6 ff f8 ff fb ff 00 00 ff ff fb ff f9 ff fa ff ff ff 03 00 02 00 01 00 02 00 01 00 02 00 03 00 00 00 00 00 00 00 fd ff fa ff f8 ff fa ff fd ff ff ff 01 00 00 00 fd ff fe ff 00 00 04 00 05 00 02 00 00 00 ff ff 00 00 01 00 00 00 fd ff fa ff f8 ff fa ff fe ff 01 00 01 00 00 00 ff ff 01 00 03 00 04 00 02 00 00 00 ff ff fe ff ff ff ff ff ff ff fe ff fd ff fd ff ff ff 01 00 01 00 01 00 00 00 ff ff ff ff 00 00 01 00 01 00 01 00 00 00 00 00 01 00 00 00 00 00 00 00 00 00 fe ff fe ff ff ff ff ff ff ff ff ff 00 00 00 00 00 00 01 00 01 00 01 00 01 00 00 00 00 00 ff ff ff ff fe ff fe ff fe ff fe ff ff ff ff ff ff ff 00 00 00 00 01 00 fc ff f6 ff 01 00 e5 ff 9c ff a2 ff c0 ff c4 ff bc ff 9b ff 85 ff 86 ff ac ff d3 ff fb ff 1e 00 1e 00 17 00 31 00 33 00 29 00 14 00 0a 00 fe ff ee ff ec ff f2 ff f5 ff f9 ff 00 00 09 00 0f 00 09 00 fe ff f8 ff f9 ff f8 ff fc ff 00 00 0b 00 0b 00 03 00 ff ff 01 00 05 00 00 00 02 00 05 00 07 00 00 00 07 00 0a 00 08 00 00 00 fb ff f8 ff f5 ff f8 ff fa ff fa ff fd ff 00 00 02 00 06 00 08 00 0b 00 0e 00 0f 00 0d 00 08 00 04 00 00 00 fb ff fa ff f8 ff f6 ff f8 ff fb ff fc ff 01 00 05 00 07 00 07 00 05 00 04 00 05 00 07 00 06 00 02 00 fe ff fb ff f9 ff f7 ff fa ff fe ff ff ff fe ff fe ff 01 00 05 00 04 00 05 00 03 00 02 00 04 00 07 00 08 00 06 00 03 00 01 00 ff ff ff ff fe ff fe ff fd ff fb ff fb ff ff ff 02 00 02 00 06 00 08 00 06 00 07 00 08 00 07 00 06 00 05 00 05 00 07 00 07 00 06 00 07 00 09 00 0c 00 11 00 15 00 11 00 0c 00 0e 00 10 00 12 00 0f 00 0b 00 07 00 04 00 01 00 ff ff fe ff fd ff fe ff ff ff 00 00 01 00 04 00 06 00 06 00 05 00 03 00 02 00 00 00 00 00 ff ff fe ff fd ff fd ff fe ff ff ff 00 00 01 00 02 00 02 00 01 00 01 00 00 00 ff ff ff ff fe ff ff ff ff ff 00 00 00 00 01 00 01 00 00 00 00 00 01 00 00 00 00 00 ff ff ff ff 00 00 00 00 00 00 00 00 00 00 00 00 00 00 00 00 00 00 00 00 00 00 00 00 01 00 00 00 ff ff 00 00 00 00 00 00 00 00 01 00 01 00 01 00 00 00 00 00 00 00 00 00 00 00 ff ff ff ff ff ff 00 00 00 00 00 00 00 00 00 00 00 00 00 00 00 00 00 00 00 00 00 00 00 00 00 00 00 00 00 00 00 00 ff ff ff ff 00 00 01 00 00 00 00 00 00 00 00 00 00 00 00 00 00 00 00 00 00 00 00 00 00 00 00 00 00 00 00 00 01 00 00 00 00 00 00 00 00 00 00 00 00 00 00 00 00 00 00 00 00 00 00 00 00 00 00 00 00 00 00 00 00 00 00 00 00 00 00 00 00 00 00 00 00 00 01 00 01 00 00 00 00 00 01 00 00 00 00 00 00 00 00 00 00 00 00 00 00 00 00 00 00 00 00 00 00 00 00 00 00 00 00 00 00 00 01 00 00 00 00 00 01 00 01 00 01 00 00 00 00 00 01 00 01 00 00 00 00 00 01 00 01 00 00 00 00 00 00 00 00 00 00 00 00 00 00 00 00 00 00 00 00 00 00 00 00 00 00 00 00 00 00 00 00 00 00 00 00 00 00 00 00 00 00 00 00 00 00 00 00 00 

[2025-02-21 02:37:19] , ACU_SN:    WTG26050900092 , Crash Y ,Data: 00 00 00 00 00 00 00 00 00 00 00 00 00 00 00 00 00 00 00 00 00 00 00 00 00 00 00 00 00 00 00 00 00 00 00 00 fb ff ef ff dd ff ae ff 68 fe 71 fd 8f fd a6 fe 32 ff 4a ff 73 ff c1 ff 52 00 57 00 fa ff dc ff df ff 0c 00 24 00 1a 00 0e 00 f8 ff fc ff 0e 00 11 00 05 00 05 00 03 00 03 00 ff ff ed ff e4 ff e9 ff fe ff 16 00 18 00 1c 00 1e 00 13 00 14 00 0e 00 00 00 fa ff f4 ff f7 ff fb ff 00 00 03 00 05 00 07 00 08 00 08 00 0a 00 0c 00 08 00 09 00 09 00 08 00 07 00 05 00 02 00 00 00 00 00 00 00 01 00 01 00 03 00 07 00 0b 00 0e 00 0b 00 09 00 0a 00 0a 00 09 00 08 00 05 00 01 00 ff ff 00 00 00 00 00 00 00 00 00 00 02 00 06 00 0a 00 0c 00 0c 00 0b 00 09 00 07 00 06 00 06 00 03 00 01 00 00 00 01 00 01 00 01 00 00 00 01 00 02 00 04 00 06 00 06 00 07 00 06 00 06 00 04 00 04 00 04 00 04 00 04 00 03 00 02 00 03 00 02 00 02 00 02 00 02 00 02 00 02 00 03 00 04 00 05 00 06 00 06 00 06 00 05 00 05 00 05 00 04 00 02 00 01 00 01 00 00 00 00 00 00 00 01 00 02 00 03 00 04 00 05 00 06 00 06 00 0d 00 41 00 c9 00 51 01 96 01 9d 01 6c 01 3f 01 09 01 bf 00 8b 00 48 00 f6 ff da ff e2 ff 07 00 1f 00 1b 00 31 00 2c 00 2e 00 28 00 14 00 0b 00 fd ff 00 00 f8 ff eb ff df ff ec ff fb ff 04 00 03 00 fb ff fa ff fc ff f4 ff f4 ff ef ff f2 ff ee ff ef ff f0 ff f4 ff f7 ff f5 ff fc ff 00 00 fe ff 00 00 05 00 08 00 0a 00 04 00 fa ff ed ff df ff dd ff e1 ff e5 ff ec ff f7 ff 03 00 06 00 05 00 07 00 08 00 08 00 07 00 07 00 05 00 0a 00 07 00 fb ff eb ff de ff de ff e8 ff ef ff f7 ff fe ff 04 00 06 00 07 00 06 00 05 00 03 00 00 00 05 00 06 00 04 00 04 00 02 00 f8 ff eb ff e9 ff f2 ff f8 ff fc ff fd ff fe ff 01 00 02 00 02 00 03 00 05 00 06 00 05 00 06 00 06 00 04 00 ff ff f6 ff ef ff ef ff f6 ff f8 ff fc ff fd ff fc ff fe ff ff ff fd ff fd ff f9 ff f7 ff f6 ff f5 ff ef ff e7 ff de ff d6 ff d0 ff cd ff cb ff c9 ff c3 ff ba ff ba ff c8 ff d0 ff da ff e1 ff e6 ff e8 ff e9 ff e9 ff ea ff eb ff ed ff ef ff f1 ff f4 ff f7 ff fa ff fe ff 00 00 02 00 03 00 02 00 01 00 00 00 00 00 01 00 01 00 00 00 02 00 02 00 03 00 03 00 04 00 06 00 06 00 05 00 03 00 02 00 01 00 01 00 00 00 00 00 00 00 01 00 02 00 03 00 03 00 03 00 03 00 02 00 03 00 03 00 02 00 01 00 00 00 01 00 01 00 01 00 01 00 02 00 02 00 02 00 02 00 02 00 02 00 01 00 01 00 01 00 01 00 01 00 02 00 02 00 02 00 02 00 01 00 01 00 01 00 00 00 00 00 00 00 00 00 00 00 00 00 00 00 01 00 01 00 02 00 02 00 03 00 03 00 03 00 02 00 02 00 02 00 01 00 01 00 00 00 00 00 00 00 00 00 00 00 00 00 00 00 01 00 02 00 02 00 02 00 02 00 01 00 01 00 00 00 00 00 00 00 00 00 00 00 00 00 00 00 01 00 01 00 01 00 02 00 02 00 02 00 01 00 01 00 01 00 01 00 01 00 01 00 00 00 00 00 00 00 00 00 00 00 00 00 00 00 00 00 01 00 01 00 01 00 01 00 01 00 01 00 01 00 01 00 01 00 01 00 01 00 00 00 00 00 00 00 00 00 00 00 00 00 00 00 00 00 00 00 00 00 01 00 01 00 01 00 01 00 01 00 01 00 01 00 01 00 00 00 00 00 00 00 00 00 00 00 01 00 00 00 00 00 01 00 01 00 01 00 01 00 01 00 01 00 01 00 01 00 01 00 01 00 01 00 01 00 00 00 00 00 00 00 01 00 01 00 01 00 01 00 01 00 01 00 01 00 00 00 00 00 

[2025-02-21 02:38:46] , ACU_SN:    WTG26050900092 , Crash X ,Data: 00 00 01 00 01 00 01 00 01 00 01 00 00 00 00 00 01 00 01 00 01 00 00 00 00 00 00 00 01 00 00 00 00 00 00 00 02 00 0a 00 1d 00 0a 00 69 00 63 00 5b 00 31 00 3b 00 5a 00 55 00 3d 00 2d 00 05 00 f3 ff d5 ff cf ff f8 ff 00 00 02 00 03 00 02 00 12 00 17 00 08 00 06 00 07 00 fa ff ec ff e4 ff e4 ff ef ff 00 00 10 00 10 00 08 00 0b 00 07 00 03 00 02 00 f9 ff f2 ff f7 ff fb ff 02 00 00 00 fc ff fa ff fa ff 00 00 03 00 02 00 02 00 01 00 01 00 01 00 00 00 01 00 01 00 00 00 fe ff fa ff f9 ff fb ff fd ff 00 00 01 00 00 00 fd ff fe ff 00 00 03 00 04 00 01 00 01 00 ff ff ff ff 00 00 01 00 ff ff fa ff f8 ff fb ff ff ff 00 00 01 00 00 00 ff ff 00 00 01 00 02 00 01 00 ff ff fe ff fe ff ff ff 00 00 ff ff ff ff fe ff fd ff ff ff 01 00 01 00 00 00 fe ff ff ff 00 00 00 00 00 00 00 00 00 00 00 00 00 00 00 00 00 00 ff ff ff ff fe ff fe ff fe ff ff ff ff ff ff ff ff ff 00 00 00 00 00 00 01 00 01 00 01 00 01 00 00 00 ff ff ff ff fe ff fe ff fe ff fe ff ff ff ff ff 00 00 00 00 00 00 01 00 01 00 01 00 fd ff f9 ff 05 00 e1 ff 9d ff 9b ff bd ff c5 ff bc ff a4 ff 85 ff 87 ff ad ff d5 ff fc ff 1f 00 20 00 12 00 2a 00 34 00 26 00 16 00 0f 00 00 00 eb ff eb ff ee ff f1 ff f6 ff 02 00 10 00 11 00 0d 00 04 00 fc ff f7 ff f9 ff fa ff fd ff 01 00 02 00 00 00 fd ff 00 00 09 00 06 00 04 00 07 00 0b 00 00 00 07 00 07 00 04 00 fe ff f9 ff f4 ff f3 ff f8 ff fb ff fb ff fd ff ff ff 02 00 06 00 08 00 08 00 0b 00 0e 00 0e 00 0a 00 04 00 01 00 00 00 fd ff f8 ff f5 ff f8 ff fa ff fb ff ff ff 02 00 04 00 06 00 04 00 03 00 05 00 06 00 05 00 04 00 00 00 fd ff fd ff fa ff fb ff fd ff fe ff ff ff fe ff 00 00 03 00 04 00 04 00 04 00 02 00 03 00 06 00 08 00 07 00 04 00 02 00 00 00 fe ff fe ff fd ff fd ff fd ff fd ff fe ff 01 00 01 00 04 00 06 00 06 00 07 00 07 00 08 00 06 00 04 00 05 00 08 00 07 00 06 00 06 00 06 00 0a 00 0e 00 11 00 10 00 0d 00 0f 00 10 00 12 00 12 00 0e 00 09 00 05 00 02 00 00 00 ff ff fe ff fe ff ff ff 00 00 01 00 02 00 04 00 05 00 05 00 03 00 02 00 01 00 00 00 ff ff ff ff ff ff ff ff fe ff fe ff 00 00 01 00 01 00 02 00 02 00 01 00 01 00 00 00 fe ff fe ff ff ff 00 00 00 00 00 00 00 00 01 00 01 00 00 00 00 00 00 00 00 00 00 00 00 00 00 00 00 00 00 00 00 00 00 00 00 00 00 00 00 00 00 00 00 00 00 00 00 00 00 00 00 00 00 00 00 00 00 00 00 00 00 00 01 00 01 00 00 00 00 00 00 00 00 00 ff ff ff ff ff ff ff ff ff ff 00 00 00 00 00 00 00 00 00 00 01 00 01 00 00 00 00 00 00 00 00 00 00 00 00 00 ff ff 00 00 00 00 00 00 00 00 00 00 00 00 00 00 00 00 00 00 00 00 00 00 00 00 00 00 00 00 00 00 00 00 00 00 00 00 00 00 00 00 01 00 01 00 00 00 00 00 00 00 00 00 00 00 00 00 00 00 00 00 00 00 00 00 00 00 00 00 00 00 ff ff ff ff 00 00 00 00 00 00 00 00 00 00 00 00 01 00 01 00 00 00 01 00 01 00 00 00 00 00 00 00 00 00 00 00 00 00 00 00 00 00 00 00 00 00 00 00 00 00 00 00 00 00 00 00 00 00 00 00 00 00 00 00 00 00 00 00 00 00 00 00 00 00 00 00 00 00 00 00 00 00 00 00 00 00 00 00 00 00 00 00 00 00 00 00 00 00 00 00 00 00 00 00 01 00 01 00 01 00 00 00 00 00 00 00 00 00 00 00 00 00 00 00 00 00 00 00 00 00 

[2025-02-21 02:38:48] , ACU_SN:    WTG26050900092 , Crash Y ,Data: 00 00 00 00 00 00 00 00 00 00 00 00 00 00 00 00 00 00 00 00 00 00 00 00 00 00 00 00 00 00 00 00 00 00 00 00 fa ff ef ff dd ff 4e ff 46 fe 4f fd cd fd d2 fe 3b ff 48 ff 86 ff dc ff 71 00 50 00 ee ff d9 ff da ff 1d 00 1c 00 0d 00 0f 00 01 00 06 00 10 00 0e 00 05 00 01 00 03 00 09 00 fd ff e8 ff e1 ff e9 ff 01 00 0f 00 14 00 23 00 21 00 10 00 0d 00 0b 00 09 00 00 00 f5 ff fa ff fe ff 04 00 06 00 00 00 04 00 07 00 08 00 09 00 08 00 07 00 07 00 06 00 06 00 07 00 05 00 02 00 00 00 00 00 00 00 01 00 01 00 04 00 08 00 0b 00 0d 00 0c 00 0a 00 09 00 08 00 09 00 08 00 03 00 00 00 00 00 01 00 00 00 01 00 01 00 00 00 02 00 06 00 09 00 0b 00 0a 00 09 00 08 00 06 00 06 00 07 00 04 00 02 00 02 00 02 00 02 00 03 00 02 00 01 00 02 00 04 00 06 00 06 00 06 00 06 00 05 00 05 00 05 00 04 00 04 00 04 00 03 00 03 00 03 00 02 00 02 00 01 00 01 00 02 00 03 00 02 00 03 00 04 00 05 00 05 00 05 00 05 00 05 00 04 00 03 00 02 00 02 00 01 00 01 00 00 00 01 00 02 00 03 00 04 00 05 00 06 00 06 00 07 00 06 00 0c 00 48 00 be 00 4a 01 8d 01 99 01 6d 01 3c 01 09 01 c6 00 90 00 49 00 fa ff df ff e3 ff 07 00 1e 00 18 00 2a 00 2d 00 2b 00 27 00 1c 00 02 00 ff ff fd ff ef ff ea ff e7 ff ec ff fb ff 05 00 09 00 01 00 fd ff f7 ff f6 ff f0 ff e7 ff e4 ff e4 ff e9 ff ef ff f8 ff 00 00 fc ff ff ff 02 00 01 00 01 00 07 00 06 00 06 00 05 00 00 00 f1 ff df ff d5 ff e0 ff e7 ff ed ff f6 ff 01 00 05 00 05 00 06 00 05 00 07 00 06 00 08 00 07 00 07 00 07 00 ff ff ea ff d9 ff df ff ea ff f1 ff f7 ff fd ff 05 00 07 00 06 00 05 00 04 00 02 00 00 00 04 00 08 00 08 00 06 00 04 00 fc ff ef ff e6 ff ee ff f6 ff fb ff fe ff fe ff 01 00 03 00 01 00 01 00 02 00 05 00 06 00 05 00 05 00 04 00 01 00 fa ff f1 ff ed ff f3 ff f9 ff fc ff fd ff fc ff fd ff ff ff fe ff fe ff fc ff fa ff fa ff f8 ff f3 ff ed ff e4 ff da ff d3 ff ce ff cc ff c9 ff c5 ff bf ff b8 ff c1 ff ca ff d3 ff dc ff e2 ff e5 ff e8 ff e8 ff e9 ff e9 ff eb ff ec ff ef ff f2 ff f5 ff f8 ff fc ff fe ff 01 00 02 00 02 00 02 00 00 00 00 00 00 00 00 00 00 00 01 00 02 00 02 00 02 00 03 00 05 00 06 00 05 00 04 00 03 00 02 00 01 00 00 00 01 00 01 00 02 00 02 00 03 00 03 00 03 00 02 00 02 00 02 00 02 00 01 00 00 00 00 00 01 00 01 00 01 00 02 00 02 00 02 00 02 00 02 00 02 00 02 00 02 00 02 00 02 00 02 00 02 00 02 00 02 00 02 00 02 00 02 00 01 00 01 00 00 00 00 00 00 00 00 00 01 00 01 00 01 00 01 00 02 00 03 00 03 00 02 00 02 00 02 00 02 00 01 00 01 00 00 00 00 00 00 00 00 00 00 00 00 00 00 00 00 00 01 00 01 00 02 00 02 00 02 00 02 00 01 00 01 00 01 00 01 00 01 00 00 00 00 00 01 00 01 00 01 00 01 00 01 00 02 00 02 00 01 00 01 00 01 00 01 00 01 00 00 00 00 00 00 00 00 00 00 00 00 00 00 00 00 00 00 00 00 00 00 00 00 00 01 00 00 00 01 00 01 00 01 00 01 00 00 00 00 00 00 00 00 00 00 00 00 00 00 00 00 00 00 00 00 00 01 00 01 00 01 00 00 00 01 00 01 00 01 00 00 00 00 00 00 00 00 00 00 00 00 00 01 00 00 00 01 00 00 00 00 00 01 00 01 00 00 00 00 00 00 00 01 00 00 00 00 00 00 00 01 00 01 00 00 00 00 00 00 00 00 00 00 00 00 00 00 00 00 00 00 00 01 00 01 00 01 00 01 00 

[2025-02-21 02:40:49] , ACU_SN:    WTG26050900092 , Crash X ,Data: 00 00 00 00 00 00 00 00 00 00 01 00 01 00 00 00 00 00 01 00 01 00 02 00 01 00 00 00 01 00 01 00 00 00 01 00 04 00 10 00 23 00 1e 00 61 00 65 00 51 00 2d 00 42 00 53 00 3b 00 40 00 22 00 06 00 fd ff da ff dd ff 01 00 fe ff fd ff f9 ff fe ff 0f 00 0d 00 07 00 0a 00 07 00 fc ff f4 ff e8 ff e8 ff f5 ff 01 00 0a 00 05 00 03 00 09 00 0a 00 05 00 02 00 fb ff f8 ff fc ff fc ff fe ff 00 00 fb ff fa ff fc ff 01 00 04 00 02 00 01 00 02 00 03 00 03 00 01 00 02 00 00 00 fe ff fb ff f9 ff f8 ff fa ff fc ff fe ff 00 00 ff ff fe ff ff ff 01 00 03 00 03 00 01 00 00 00 00 00 00 00 00 00 00 00 fd ff f9 ff f9 ff fc ff ff ff 00 00 01 00 00 00 ff ff 01 00 04 00 03 00 01 00 ff ff ff ff ff ff 00 00 ff ff fe ff fd ff fc ff fd ff 00 00 01 00 01 00 00 00 00 00 00 00 00 00 01 00 01 00 00 00 ff ff ff ff 00 00 00 00 00 00 00 00 ff ff ff ff ff ff ff ff ff ff 00 00 ff ff ff ff ff ff 01 00 01 00 01 00 01 00 01 00 01 00 00 00 00 00 00 00 ff ff fe ff fe ff fe ff ff ff ff ff ff ff ff ff ff ff 00 00 01 00 01 00 fc ff ff ff 0d 00 b6 ff a1 ff a3 ff c1 ff bc ff b9 ff 9a ff 86 ff 8d ff bb ff dd ff 04 00 1f 00 1b 00 10 00 29 00 2e 00 29 00 14 00 0a 00 fe ff ec ff e9 ff ef ff f6 ff fb ff 08 00 12 00 12 00 0e 00 05 00 fe ff f4 ff ef ff f4 ff fd ff 05 00 05 00 01 00 ff ff 06 00 09 00 04 00 04 00 05 00 08 00 00 00 09 00 08 00 06 00 02 00 fc ff f8 ff f7 ff f6 ff f8 ff fa ff fe ff ff ff 00 00 05 00 07 00 06 00 0a 00 0e 00 0f 00 0c 00 08 00 05 00 03 00 ff ff f8 ff f2 ff f3 ff f6 ff fb ff fd ff 00 00 05 00 07 00 04 00 04 00 05 00 04 00 06 00 05 00 03 00 00 00 fe ff fb ff fb ff fe ff fd ff fe ff fd ff ff ff 04 00 04 00 02 00 01 00 01 00 02 00 04 00 0a 00 0a 00 06 00 04 00 02 00 00 00 fe ff fb ff fa ff fb ff fc ff ff ff 01 00 02 00 05 00 07 00 07 00 09 00 09 00 08 00 08 00 09 00 0c 00 0d 00 0b 00 09 00 08 00 08 00 09 00 08 00 09 00 0e 00 0f 00 11 00 12 00 11 00 0e 00 0a 00 05 00 01 00 00 00 ff ff fe ff fd ff ff ff 00 00 01 00 02 00 02 00 02 00 03 00 03 00 02 00 01 00 01 00 00 00 00 00 00 00 ff ff ff ff ff ff ff ff 00 00 01 00 01 00 01 00 01 00 01 00 00 00 00 00 ff ff ff ff ff ff 00 00 00 00 01 00 01 00 00 00 00 00 00 00 00 00 ff ff ff ff ff ff ff ff ff ff 00 00 00 00 00 00 00 00 00 00 00 00 00 00 01 00 01 00 00 00 00 00 00 00 00 00 ff ff ff ff ff ff 00 00 00 00 00 00 00 00 00 00 00 00 00 00 00 00 00 00 00 00 00 00 00 00 00 00 00 00 00 00 00 00 00 00 00 00 01 00 01 00 01 00 00 00 01 00 00 00 00 00 00 00 00 00 00 00 00 00 00 00 00 00 00 00 00 00 00 00 00 00 00 00 00 00 00 00 00 00 00 00 00 00 00 00 00 00 00 00 00 00 00 00 00 00 00 00 00 00 00 00 00 00 00 00 00 00 00 00 00 00 00 00 00 00 00 00 00 00 00 00 00 00 00 00 00 00 00 00 00 00 00 00 01 00 00 00 00 00 00 00 01 00 01 00 00 00 00 00 00 00 00 00 00 00 00 00 00 00 00 00 00 00 00 00 00 00 00 00 00 00 00 00 00 00 00 00 00 00 00 00 00 00 00 00 00 00 00 00 00 00 00 00 00 00 00 00 00 00 00 00 00 00 01 00 01 00 01 00 01 00 00 00 00 00 00 00 00 00 00 00 00 00 00 00 00 00 00 00 01 00 00 00 00 00 00 00 00 00 01 00 00 00 00 00 01 00 00 00 00 00 00 00 00 00 

[2025-02-21 02:40:51] , ACU_SN:    WTG26050900092 , Crash Y ,Data: 00 00 00 00 00 00 00 00 00 00 00 00 00 00 00 00 00 00 00 00 00 00 00 00 00 00 00 00 00 00 00 00 00 00 ff ff f9 ff f1 ff d7 ff dc fe 03 fe 55 fd 24 fe 00 ff 3b ff 49 ff 7e ff 01 00 9d 00 40 00 f4 ff d6 ff f5 ff 1f 00 0b 00 05 00 08 00 f9 ff f9 ff fd ff fc ff 07 00 0a 00 09 00 0f 00 f6 ff ed ff ee ff f7 ff 10 00 1d 00 1c 00 1b 00 11 00 10 00 0f 00 00 00 fe ff fc ff f6 ff f7 ff fb ff fd ff 01 00 03 00 06 00 08 00 0a 00 0d 00 0d 00 0b 00 0a 00 08 00 09 00 07 00 04 00 01 00 ff ff fe ff ff ff ff ff 01 00 05 00 08 00 0b 00 0d 00 0d 00 0c 00 0a 00 0a 00 09 00 07 00 02 00 00 00 00 00 00 00 ff ff ff ff 00 00 00 00 02 00 06 00 0a 00 0c 00 0b 00 0a 00 08 00 08 00 07 00 06 00 03 00 01 00 00 00 00 00 00 00 00 00 00 00 01 00 02 00 04 00 06 00 07 00 07 00 06 00 06 00 06 00 05 00 04 00 04 00 03 00 03 00 02 00 03 00 03 00 02 00 02 00 01 00 02 00 02 00 02 00 03 00 04 00 04 00 04 00 05 00 05 00 05 00 05 00 04 00 03 00 02 00 02 00 01 00 01 00 00 00 00 00 01 00 02 00 03 00 04 00 05 00 06 00 06 00 12 00 68 00 f3 00 5f 01 96 01 88 01 5d 01 2e 01 f9 00 b8 00 8a 00 40 00 f5 ff d7 ff e5 ff 0f 00 18 00 13 00 2c 00 31 00 31 00 23 00 13 00 05 00 f0 ff f4 ff ed ff e8 ff ed ff fd ff 02 00 09 00 0b 00 05 00 01 00 f8 ff ea ff e4 ff e2 ff e8 ff eb ff ee ff f3 ff f8 ff 00 00 fb ff ff ff 00 00 fb ff fc ff 08 00 0e 00 12 00 09 00 fe ff ee ff db ff d2 ff e0 ff e6 ff ee ff f6 ff 00 00 03 00 04 00 04 00 04 00 05 00 07 00 09 00 09 00 0a 00 08 00 fc ff e5 ff d6 ff de ff e9 ff f3 ff f9 ff fe ff 04 00 06 00 05 00 04 00 01 00 01 00 00 00 07 00 0c 00 09 00 08 00 06 00 fe ff ee ff e2 ff ec ff f7 ff fd ff ff ff fe ff ff ff 00 00 01 00 00 00 00 00 04 00 08 00 07 00 06 00 03 00 fe ff f7 ff f0 ff ee ff f4 ff fa ff fc ff 00 00 fe ff ff ff fe ff fc ff fb ff fa ff f8 ff f7 ff f3 ff ee ff e4 ff d9 ff d0 ff c9 ff c2 ff b9 ff b3 ff b6 ff bf ff c7 ff cf ff d8 ff de ff e5 ff ea ff eb ff eb ff eb ff ec ff ec ff ed ff f0 ff f3 ff f6 ff f8 ff fa ff fc ff ff ff 00 00 00 00 00 00 ff ff ff ff ff ff 01 00 00 00 01 00 01 00 01 00 00 00 02 00 03 00 05 00 05 00 04 00 03 00 02 00 02 00 02 00 03 00 03 00 03 00 04 00 04 00 04 00 03 00 02 00 02 00 02 00 02 00 02 00 02 00 02 00 02 00 02 00 02 00 02 00 02 00 03 00 03 00 03 00 03 00 02 00 02 00 02 00 01 00 00 00 01 00 01 00 01 00 01 00 02 00 02 00 01 00 01 00 01 00 01 00 00 00 00 00 01 00 01 00 01 00 01 00 01 00 02 00 02 00 02 00 02 00 02 00 02 00 01 00 01 00 01 00 00 00 00 00 00 00 00 00 00 00 00 00 00 00 00 00 01 00 01 00 01 00 01 00 01 00 01 00 01 00 01 00 01 00 01 00 01 00 01 00 01 00 02 00 01 00 00 00 01 00 01 00 00 00 01 00 01 00 01 00 00 00 01 00 01 00 00 00 00 00 00 00 00 00 00 00 00 00 00 00 00 00 00 00 00 00 00 00 00 00 00 00 00 00 00 00 00 00 00 00 00 00 00 00 00 00 00 00 00 00 00 00 00 00 00 00 00 00 00 00 00 00 01 00 01 00 01 00 00 00 00 00 00 00 00 00 01 00 01 00 01 00 00 00 00 00 00 00 00 00 00 00 00 00 00 00 00 00 00 00 00 00 00 00 00 00 00 00 01 00 01 00 01 00 01 00 01 00 01 00 00 00 00 00 00 00 00 00 00 00 00 00 00 00 00 00 00 00 00 00 00 00 01 00 01 00 

[2025-02-21 02:42:37] , ACU_SN:    WTG26050900092 , Crash X ,Data: 00 00 00 00 00 00 00 00 00 00 00 00 00 00 01 00 01 00 00 00 00 00 01 00 00 00 00 00 00 00 00 00 00 00 01 00 05 00 1a 00 24 00 5a 00 6a 00 71 00 46 00 53 00 54 00 3d 00 32 00 31 00 10 00 05 00 f7 ff cc ff f3 ff 04 00 05 00 03 00 f8 ff 0b 00 11 00 07 00 01 00 04 00 ff ff f6 ff ed ff e9 ff ef ff fc ff 0a 00 0f 00 03 00 03 00 0b 00 07 00 01 00 fd ff f7 ff fa ff fd ff 00 00 ff ff fc ff f9 ff f9 ff fd ff 02 00 03 00 01 00 01 00 02 00 03 00 02 00 02 00 02 00 01 00 fe ff fb ff f9 ff f9 ff fc ff fd ff fe ff ff ff fe ff ff ff 00 00 03 00 04 00 02 00 00 00 00 00 00 00 00 00 00 00 ff ff fb ff f9 ff fa ff fd ff 00 00 00 00 00 00 00 00 01 00 03 00 04 00 02 00 00 00 ff ff fe ff ff ff 00 00 ff ff fe ff fd ff fd ff fe ff ff ff 00 00 00 00 ff ff 00 00 00 00 01 00 01 00 00 00 00 00 ff ff 00 00 00 00 ff ff ff ff ff ff ff ff ff ff ff ff 00 00 00 00 00 00 00 00 00 00 00 00 00 00 00 00 00 00 00 00 00 00 00 00 00 00 00 00 00 00 ff ff fe ff fe ff fe ff ff ff fe ff fe ff ff ff ff ff 00 00 00 00 00 00 fc ff 09 00 fe ff a0 ff 9d ff b2 ff bf ff b8 ff b2 ff 91 ff 83 ff 95 ff c7 ff e7 ff 12 00 26 00 1b 00 17 00 29 00 28 00 1f 00 0f 00 05 00 f6 ff e8 ff f0 ff f2 ff f7 ff 00 00 13 00 19 00 13 00 0d 00 06 00 f7 ff eb ff eb ff f3 ff fe ff 04 00 01 00 fe ff 04 00 0e 00 0c 00 06 00 03 00 04 00 07 00 00 00 06 00 08 00 07 00 0b 00 01 00 f4 ff f3 ff f4 ff f7 ff fa ff fc ff ff ff 03 00 06 00 06 00 08 00 0b 00 0a 00 0a 00 0a 00 09 00 07 00 04 00 fa ff ef ff f0 ff f5 ff f8 ff fc ff fe ff 02 00 06 00 05 00 04 00 04 00 03 00 04 00 04 00 04 00 03 00 02 00 ff ff fb ff f8 ff fb ff fe ff fe ff fd ff 02 00 05 00 03 00 03 00 02 00 01 00 00 00 02 00 06 00 0a 00 08 00 07 00 04 00 00 00 fd ff fb ff f9 ff fa ff fd ff fe ff ff ff 01 00 05 00 07 00 07 00 09 00 0a 00 0a 00 0b 00 0c 00 0b 00 0a 00 09 00 07 00 07 00 0a 00 0c 00 0d 00 0d 00 0e 00 10 00 13 00 13 00 11 00 0c 00 06 00 00 00 fc ff fb ff fb ff fc ff fe ff 00 00 01 00 02 00 03 00 03 00 03 00 03 00 03 00 02 00 ff ff fe ff fe ff 00 00 00 00 00 00 01 00 02 00 03 00 02 00 01 00 00 00 fe ff fe ff fe ff fe ff fe ff fe ff ff ff 01 00 02 00 03 00 03 00 03 00 01 00 00 00 ff ff fe ff fd ff fd ff fd ff fe ff ff ff 00 00 01 00 02 00 02 00 01 00 01 00 00 00 00 00 00 00 00 00 00 00 ff ff ff ff ff ff ff ff 00 00 00 00 00 00 00 00 00 00 00 00 00 00 00 00 00 00 00 00 00 00 00 00 00 00 00 00 00 00 00 00 00 00 00 00 00 00 00 00 00 00 ff ff 00 00 00 00 00 00 00 00 00 00 00 00 00 00 00 00 00 00 00 00 00 00 00 00 00 00 ff ff 00 00 00 00 00 00 00 00 00 00 00 00 00 00 00 00 00 00 00 00 00 00 01 00 00 00 00 00 00 00 00 00 00 00 00 00 00 00 00 00 00 00 00 00 00 00 00 00 00 00 00 00 00 00 00 00 00 00 00 00 00 00 00 00 00 00 00 00 00 00 00 00 00 00 00 00 00 00 00 00 00 00 00 00 00 00 00 00 00 00 00 00 00 00 01 00 00 00 00 00 00 00 00 00 00 00 00 00 00 00 00 00 01 00 00 00 00 00 00 00 00 00 00 00 00 00 00 00 01 00 00 00 00 00 00 00 00 00 00 00 00 00 00 00 00 00 00 00 00 00 00 00 00 00 00 00 00 00 00 00 00 00 00 00 00 00 00 00 00 00 00 00 00 00 00 00 00 00 00 00 00 00 00 00 

[2025-02-21 02:42:38] , ACU_SN:    WTG26050900092 , Crash Y ,Data: 00 00 00 00 00 00 00 00 00 00 00 00 00 00 00 00 00 00 00 00 00 00 00 00 00 00 00 00 00 00 00 00 ff ff fb ff f6 ff ed ff db ff e4 fd 93 fd 94 fd af fe 39 ff 34 ff 53 ff bb ff 40 00 65 00 16 00 e3 ff d9 ff 1c 00 22 00 0e 00 06 00 fe ff 00 00 ff ff 05 00 03 00 02 00 00 00 0a 00 04 00 ef ff ec ff ec ff 01 00 22 00 24 00 1a 00 12 00 10 00 0e 00 0c 00 06 00 04 00 fe ff f8 ff fa ff fe ff 00 00 00 00 02 00 06 00 0a 00 0b 00 0c 00 0b 00 0a 00 0b 00 0a 00 09 00 06 00 05 00 02 00 00 00 fe ff fe ff ff ff 01 00 05 00 0a 00 0c 00 0c 00 0b 00 0c 00 0b 00 0a 00 09 00 06 00 02 00 00 00 00 00 01 00 ff ff ff ff ff ff 00 00 04 00 07 00 0a 00 0b 00 0b 00 0a 00 09 00 08 00 07 00 05 00 03 00 02 00 01 00 01 00 01 00 01 00 01 00 01 00 03 00 05 00 06 00 06 00 07 00 06 00 05 00 05 00 05 00 04 00 03 00 02 00 01 00 01 00 02 00 02 00 02 00 02 00 02 00 03 00 03 00 03 00 04 00 04 00 04 00 04 00 05 00 05 00 05 00 04 00 03 00 03 00 03 00 02 00 01 00 01 00 00 00 01 00 02 00 02 00 03 00 04 00 05 00 05 00 07 00 23 00 9e 00 27 01 78 01 98 01 79 01 4d 01 1e 01 df 00 a3 00 6f 00 16 00 e8 ff d9 ff f9 ff 21 00 21 00 26 00 29 00 2e 00 2c 00 23 00 0a 00 f8 ff e9 ff f6 ff f4 ff f0 ff eb ff fb ff 04 00 0d 00 0c 00 08 00 f6 ff ea ff db ff da ff e0 ff e7 ff ea ff ef ff f5 ff ff ff 00 00 00 00 01 00 fd ff f7 ff fa ff 05 00 0e 00 11 00 00 00 f1 ff da ff da ff e0 ff e7 ff ea ff f3 ff fe ff 02 00 03 00 07 00 05 00 05 00 02 00 03 00 08 00 0b 00 08 00 03 00 ef ff db ff df ff e8 ff f2 ff f7 ff fc ff 02 00 04 00 03 00 02 00 01 00 ff ff 00 00 02 00 08 00 0c 00 0b 00 0a 00 07 00 fd ff ef ff e6 ff ef ff fa ff fe ff ff ff ff ff 01 00 ff ff fe ff fc ff fe ff 02 00 08 00 08 00 07 00 04 00 00 00 f8 ff f0 ff f0 ff f6 ff fb ff fd ff fe ff fc ff fb ff fb ff fb ff fb ff fa ff f9 ff f6 ff ef ff e7 ff dd ff d4 ff cc ff c6 ff bf ff bc ff bc ff ba ff bd ff c9 ff d3 ff dc ff e2 ff e6 ff e7 ff e6 ff e5 ff e7 ff e9 ff ed ff f2 ff f5 ff f7 ff f9 ff fa ff fc ff fe ff 00 00 03 00 04 00 02 00 ff ff fe ff fe ff 00 00 03 00 04 00 05 00 04 00 04 00 04 00 04 00 04 00 03 00 02 00 02 00 02 00 04 00 04 00 05 00 05 00 06 00 06 00 05 00 04 00 02 00 01 00 01 00 00 00 00 00 00 00 00 00 01 00 01 00 02 00 03 00 03 00 03 00 03 00 03 00 03 00 03 00 02 00 01 00 00 00 00 00 00 00 00 00 01 00 01 00 02 00 02 00 02 00 02 00 01 00 01 00 01 00 01 00 01 00 01 00 01 00 01 00 02 00 02 00 02 00 02 00 02 00 01 00 01 00 01 00 01 00 01 00 00 00 01 00 01 00 01 00 01 00 01 00 01 00 01 00 00 00 00 00 00 00 00 00 00 00 00 00 00 00 01 00 01 00 02 00 01 00 01 00 01 00 01 00 01 00 01 00 01 00 02 00 01 00 01 00 01 00 00 00 01 00 01 00 01 00 00 00 00 00 01 00 01 00 00 00 01 00 01 00 01 00 00 00 00 00 00 00 00 00 00 00 00 00 00 00 00 00 00 00 00 00 00 00 00 00 00 00 00 00 00 00 00 00 00 00 01 00 00 00 00 00 00 00 01 00 00 00 01 00 01 00 01 00 01 00 01 00 01 00 00 00 00 00 00 00 00 00 00 00 00 00 00 00 00 00 01 00 01 00 01 00 01 00 01 00 01 00 01 00 00 00 00 00 01 00 01 00 00 00 01 00 00 00 00 00 00 00 00 00 00 00 00 00 00 00 00 00 00 00 01 00 01 00 00 00 00 00 

[2025-02-21 02:44:06] , ACU_SN:    WTG26050900092 , Crash X ,Data: 00 00 00 00 00 00 00 00 00 00 00 00 00 00 01 00 01 00 00 00 00 00 00 00 00 00 00 00 00 00 00 00 01 00 01 00 0e 00 26 00 34 00 54 00 90 00 56 00 51 00 5e 00 3b 00 29 00 3c 00 2b 00 09 00 07 00 e0 ff d7 ff 03 00 04 00 00 00 fc ff f9 ff 13 00 13 00 0a 00 00 00 01 00 fa ff f5 ff ef ff e8 ff f3 ff fa ff 08 00 0d 00 03 00 04 00 0d 00 09 00 00 00 fa ff f8 ff fa ff fc ff ff ff 00 00 fb ff fa ff fc ff ff ff 02 00 03 00 01 00 02 00 03 00 02 00 00 00 01 00 02 00 ff ff fc ff f9 ff f8 ff fb ff fc ff fe ff ff ff ff ff fe ff ff ff 01 00 03 00 02 00 01 00 00 00 00 00 ff ff 00 00 00 00 fe ff fa ff f9 ff fb ff fd ff ff ff 00 00 ff ff 00 00 01 00 03 00 03 00 01 00 ff ff ff ff 00 00 ff ff ff ff ff ff fe ff fd ff fe ff ff ff 00 00 00 00 00 00 00 00 00 00 01 00 01 00 01 00 00 00 ff ff ff ff 00 00 00 00 ff ff ff ff ff ff ff ff fe ff fe ff 00 00 00 00 ff ff ff ff 00 00 00 00 00 00 00 00 00 00 00 00 00 00 00 00 00 00 00 00 ff ff ff ff ff ff ff ff ff ff ff ff ff ff ff ff ff ff 00 00 01 00 01 00 ff ff 0f 00 ef ff a1 ff 98 ff b5 ff bc ff ba ff b3 ff 94 ff 88 ff 91 ff c9 ff e6 ff 12 00 26 00 1b 00 14 00 22 00 1f 00 1a 00 14 00 13 00 f7 ff e9 ff eb ff f6 ff fc ff 02 00 12 00 18 00 0f 00 0b 00 06 00 05 00 01 00 ec ff e7 ff ef ff fa ff 02 00 01 00 01 00 0f 00 10 00 08 00 01 00 05 00 00 00 02 00 04 00 07 00 06 00 05 00 00 00 f9 ff f8 ff f7 ff f7 ff fa ff fd ff 00 00 04 00 05 00 05 00 08 00 0a 00 0b 00 0b 00 08 00 09 00 0c 00 04 00 f3 ff f2 ff f3 ff f6 ff f9 ff f9 ff fa ff 00 00 05 00 07 00 09 00 09 00 06 00 07 00 07 00 05 00 02 00 00 00 fe ff f8 ff f7 ff fb ff fe ff fd ff fa ff fe ff 04 00 05 00 04 00 02 00 00 00 01 00 03 00 09 00 0d 00 0c 00 08 00 05 00 01 00 fd ff f7 ff f6 ff f7 ff fa ff fc ff 01 00 04 00 06 00 08 00 07 00 08 00 08 00 0a 00 0a 00 09 00 07 00 05 00 05 00 06 00 06 00 07 00 09 00 0c 00 0f 00 13 00 14 00 16 00 16 00 14 00 0f 00 09 00 03 00 fd ff fa ff f9 ff f9 ff fb ff fe ff 02 00 03 00 03 00 04 00 03 00 02 00 01 00 ff ff ff ff ff ff fe ff fe ff ff ff 00 00 00 00 00 00 02 00 03 00 04 00 06 00 06 00 01 00 fe ff fd ff fc ff fe ff ff ff 00 00 03 00 05 00 04 00 01 00 00 00 00 00 ff ff fe ff fe ff fe ff fe ff ff ff 00 00 00 00 02 00 02 00 01 00 01 00 00 00 00 00 00 00 00 00 00 00 ff ff ff ff 00 00 00 00 ff ff 00 00 00 00 00 00 00 00 00 00 00 00 00 00 00 00 ff ff ff ff 00 00 00 00 00 00 00 00 00 00 00 00 00 00 00 00 00 00 00 00 00 00 00 00 00 00 00 00 00 00 00 00 00 00 00 00 00 00 00 00 00 00 00 00 00 00 00 00 00 00 00 00 00 00 00 00 00 00 00 00 01 00 01 00 00 00 00 00 00 00 00 00 00 00 00 00 00 00 00 00 00 00 00 00 00 00 00 00 00 00 00 00 00 00 00 00 00 00 00 00 00 00 00 00 00 00 00 00 00 00 00 00 01 00 00 00 00 00 00 00 00 00 00 00 00 00 00 00 01 00 00 00 00 00 00 00 00 00 00 00 00 00 00 00 00 00 00 00 00 00 00 00 00 00 00 00 00 00 00 00 00 00 00 00 00 00 00 00 00 00 00 00 00 00 00 00 00 00 00 00 00 00 00 00 00 00 00 00 00 00 00 00 00 00 00 00 00 00 00 00 00 00 00 00 00 00 00 00 00 00 00 00 00 00 00 00 00 00 00 00 00 00 00 00 00 00 00 00 00 00 00 00 00 00 00 00 00 00 

[2025-02-21 02:44:07] , ACU_SN:    WTG26050900092 , Crash Y ,Data: 00 00 00 00 00 00 00 00 00 00 00 00 00 00 00 00 00 00 00 00 00 00 00 00 00 00 00 00 00 00 00 00 ff ff fc ff f9 ff e9 ff b7 ff 47 fd 31 fd f2 fd fe fe 47 ff 2c ff 69 ff f4 ff 63 00 40 00 f1 ff d3 ff f7 ff 30 00 18 00 00 00 03 00 05 00 06 00 01 00 08 00 06 00 fd ff 02 00 13 00 fe ff ee ff e8 ff eb ff 09 00 28 00 21 00 17 00 10 00 0e 00 0e 00 09 00 01 00 01 00 fa ff fa ff fc ff 00 00 03 00 02 00 04 00 08 00 0a 00 0b 00 0a 00 0b 00 0a 00 09 00 08 00 07 00 05 00 03 00 02 00 00 00 ff ff fe ff 00 00 04 00 07 00 0b 00 0c 00 0c 00 0a 00 0b 00 0a 00 09 00 07 00 04 00 01 00 01 00 02 00 01 00 00 00 00 00 00 00 02 00 04 00 08 00 0a 00 0b 00 09 00 09 00 08 00 07 00 06 00 04 00 02 00 01 00 01 00 01 00 01 00 00 00 00 00 02 00 03 00 05 00 06 00 07 00 07 00 06 00 05 00 05 00 04 00 03 00 03 00 01 00 02 00 03 00 03 00 02 00 02 00 02 00 03 00 03 00 04 00 04 00 04 00 04 00 04 00 04 00 04 00 04 00 04 00 03 00 03 00 03 00 02 00 02 00 01 00 01 00 01 00 01 00 02 00 03 00 04 00 04 00 05 00 08 00 2a 00 a7 00 2e 01 7e 01 98 01 77 01 4a 01 1d 01 e8 00 95 00 64 00 14 00 ea ff d5 ff f9 ff 1f 00 1b 00 1e 00 2c 00 31 00 2e 00 22 00 07 00 f6 ff f5 ff ee ff eb ff eb ff f6 ff 01 00 08 00 0a 00 0c 00 0c 00 05 00 fc ff df ff d0 ff d7 ff e2 ff e9 ff f0 ff fb ff 06 00 fe ff ff ff ff ff fb ff f4 ff f4 ff fe ff 0d 00 0c 00 00 00 f0 ff db ff e1 ff e8 ff ea ff ec ff f3 ff fc ff 03 00 05 00 06 00 06 00 04 00 01 00 04 00 08 00 0c 00 0a 00 01 00 e3 ff df ff e5 ff ed ff f0 ff f2 ff f9 ff 02 00 06 00 00 00 01 00 02 00 05 00 02 00 01 00 03 00 07 00 0b 00 0a 00 04 00 fc ff f0 ff e8 ff ec ff f6 ff fc ff fd ff fd ff fe ff fd ff fd ff fd ff 00 00 03 00 08 00 09 00 08 00 08 00 02 00 f8 ff ec ff eb ff f3 ff fa ff fe ff fe ff fc ff fd ff fe ff fe ff fb ff fa ff f8 ff f3 ff eb ff e3 ff dc ff d6 ff ce ff c7 ff c1 ff bd ff bd ff be ff c4 ff cd ff d5 ff dd ff e5 ff ea ff e8 ff e6 ff e4 ff e4 ff e5 ff e8 ff ee ff f4 ff f9 ff fb ff fb ff fb ff fc ff fe ff ff ff 00 00 00 00 01 00 01 00 00 00 00 00 00 00 00 00 01 00 02 00 02 00 04 00 08 00 10 00 11 00 06 00 01 00 01 00 03 00 05 00 05 00 07 00 07 00 06 00 04 00 02 00 01 00 00 00 00 00 ff ff ff ff ff ff 00 00 00 00 01 00 01 00 02 00 03 00 03 00 03 00 03 00 02 00 02 00 01 00 01 00 01 00 01 00 01 00 01 00 01 00 02 00 02 00 02 00 01 00 01 00 01 00 01 00 01 00 01 00 01 00 01 00 01 00 01 00 02 00 02 00 02 00 02 00 02 00 02 00 01 00 01 00 01 00 01 00 01 00 00 00 01 00 01 00 01 00 01 00 01 00 01 00 01 00 01 00 01 00 01 00 01 00 01 00 01 00 02 00 01 00 01 00 00 00 00 00 00 00 00 00 00 00 00 00 01 00 01 00 01 00 01 00 01 00 01 00 01 00 01 00 01 00 01 00 01 00 01 00 01 00 00 00 00 00 01 00 00 00 00 00 00 00 01 00 00 00 00 00 00 00 00 00 01 00 00 00 00 00 00 00 00 00 00 00 00 00 01 00 01 00 00 00 00 00 01 00 01 00 01 00 01 00 01 00 01 00 01 00 01 00 01 00 00 00 00 00 00 00 00 00 00 00 00 00 01 00 01 00 00 00 00 00 01 00 00 00 01 00 01 00 01 00 01 00 01 00 01 00 01 00 01 00 00 00 01 00 01 00 00 00 00 00 00 00 01 00 01 00 00 00 00 00 00 00 01 00 01 00 01 00 01 00 01 00 00 00 

[2025-02-21 02:45:38] , ACU_SN:    WTG26050900092 , Crash X ,Data: 00 00 00 00 00 00 00 00 00 00 00 00 00 00 00 00 00 00 00 00 00 00 00 00 00 00 00 00 00 00 01 00 00 00 01 00 09 00 1f 00 30 00 80 00 09 00 72 00 32 00 43 00 44 00 2a 00 23 00 54 00 18 00 14 00 05 00 d9 ff e6 ff 08 00 fd ff f9 ff f9 ff ff ff 12 00 11 00 08 00 00 00 01 00 f8 ff f4 ff fc ff e9 ff f8 ff fa ff fe ff 08 00 05 00 08 00 0a 00 08 00 02 00 fb ff f7 ff fb ff 00 00 00 00 fe ff fc ff f9 ff fb ff fd ff ff ff 00 00 ff ff 01 00 04 00 05 00 02 00 03 00 03 00 00 00 fd ff fa ff f8 ff fa ff fc ff fc ff fe ff fe ff fe ff ff ff 02 00 03 00 03 00 01 00 00 00 00 00 ff ff 00 00 00 00 fe ff fa ff fa ff fc ff fe ff ff ff ff ff ff ff 00 00 01 00 03 00 03 00 01 00 ff ff ff ff ff ff ff ff ff ff fe ff fd ff fd ff fd ff ff ff 00 00 00 00 00 00 00 00 00 00 01 00 01 00 01 00 00 00 ff ff ff ff 01 00 00 00 fe ff fe ff ff ff ff ff ff ff ff ff ff ff 00 00 ff ff ff ff 00 00 01 00 00 00 00 00 00 00 00 00 00 00 00 00 00 00 ff ff fe ff ff ff ff ff ff ff 00 00 00 00 ff ff fe ff ff ff ff ff 00 00 00 00 ff ff 14 00 16 00 9d ff 95 ff a8 ff be ff b6 ff b8 ff 9c ff 86 ff 86 ff b4 ff da ff 04 00 24 00 25 00 14 00 16 00 20 00 20 00 1e 00 17 00 fd ff f3 ff ea ff f4 ff f8 ff 02 00 0e 00 15 00 11 00 0f 00 0a 00 03 00 f9 ff ee ff e6 ff f1 ff ff ff 02 00 00 00 fd ff 08 00 10 00 08 00 02 00 00 00 07 00 00 00 05 00 07 00 06 00 04 00 00 00 fc ff f7 ff f5 ff f6 ff f8 ff fc ff 00 00 02 00 05 00 08 00 08 00 0b 00 0b 00 09 00 09 00 09 00 0b 00 07 00 ff ff f6 ff ef ff f2 ff f7 ff f9 ff fb ff fd ff 01 00 08 00 0c 00 08 00 05 00 07 00 09 00 09 00 03 00 fc ff fb ff f9 ff f8 ff f9 ff fb ff fc ff fd ff fe ff 02 00 06 00 07 00 05 00 02 00 02 00 04 00 07 00 0c 00 0c 00 08 00 04 00 00 00 fe ff fa ff f6 ff f7 ff f8 ff fb ff fd ff 01 00 0b 00 0b 00 07 00 07 00 08 00 0c 00 0e 00 0e 00 0d 00 0a 00 02 00 fe ff 00 00 03 00 07 00 0b 00 0e 00 11 00 15 00 17 00 16 00 14 00 10 00 0b 00 05 00 ff ff fc ff f9 ff f9 ff fa ff fd ff ff ff 02 00 03 00 05 00 05 00 03 00 01 00 00 00 ff ff ff ff fe ff fd ff fd ff fd ff 00 00 ff ff 00 00 ff ff ff ff fe ff fd ff fc ff 00 00 09 00 08 00 03 00 03 00 04 00 08 00 07 00 05 00 05 00 04 00 00 00 fd ff fb ff fb ff fb ff fc ff fd ff ff ff 00 00 01 00 01 00 02 00 02 00 01 00 01 00 00 00 fe ff ff ff ff ff ff ff ff ff ff ff 00 00 00 00 00 00 00 00 01 00 00 00 00 00 ff ff ff ff 00 00 ff ff 00 00 00 00 00 00 00 00 00 00 00 00 00 00 00 00 00 00 00 00 00 00 00 00 ff ff ff ff 00 00 00 00 00 00 00 00 00 00 01 00 00 00 00 00 00 00 00 00 00 00 ff ff 00 00 00 00 01 00 00 00 00 00 00 00 00 00 00 00 00 00 00 00 00 00 00 00 00 00 ff ff 00 00 00 00 00 00 ff ff 00 00 00 00 00 00 00 00 00 00 00 00 00 00 00 00 00 00 01 00 01 00 00 00 00 00 00 00 00 00 00 00 00 00 00 00 00 00 00 00 00 00 00 00 00 00 00 00 00 00 00 00 00 00 00 00 00 00 00 00 00 00 00 00 00 00 00 00 00 00 00 00 00 00 00 00 00 00 00 00 00 00 01 00 00 00 00 00 01 00 00 00 01 00 01 00 01 00 00 00 00 00 00 00 00 00 00 00 00 00 00 00 00 00 00 00 00 00 00 00 00 00 00 00 00 00 00 00 00 00 00 00 01 00 00 00 00 00 00 00 00 00 00 00 00 00 00 00 

[2025-02-21 02:45:40] , ACU_SN:    WTG26050900092 , Crash Y ,Data: 00 00 00 00 00 00 00 00 00 00 00 00 00 00 00 00 00 00 00 00 00 00 00 00 00 00 00 00 00 00 00 00 00 00 fd ff f9 ff f3 ff e5 ff 0b ff 88 fd 31 fd 52 fe 25 ff 3f ff 2f ff 85 ff 36 00 86 00 23 00 db ff d6 ff 14 00 25 00 0c 00 fd ff fd ff 11 00 06 00 05 00 01 00 01 00 ff ff 07 00 13 00 ff ff f1 ff f1 ff e6 ff f4 ff 2d 00 21 00 17 00 0e 00 11 00 13 00 0a 00 00 00 00 00 fc ff fc ff 00 00 00 00 01 00 03 00 04 00 06 00 08 00 07 00 09 00 0b 00 0b 00 0a 00 0a 00 09 00 07 00 04 00 02 00 00 00 ff ff fe ff ff ff 03 00 07 00 0a 00 0c 00 0b 00 0b 00 0c 00 0b 00 0a 00 08 00 04 00 01 00 01 00 01 00 00 00 ff ff ff ff 00 00 02 00 05 00 08 00 0a 00 0a 00 0a 00 08 00 08 00 08 00 06 00 03 00 02 00 01 00 01 00 01 00 00 00 00 00 00 00 02 00 03 00 05 00 06 00 07 00 07 00 06 00 06 00 06 00 05 00 04 00 02 00 01 00 01 00 02 00 03 00 02 00 02 00 02 00 03 00 03 00 04 00 05 00 05 00 05 00 05 00 05 00 05 00 04 00 04 00 02 00 02 00 02 00 02 00 01 00 02 00 02 00 02 00 02 00 02 00 02 00 02 00 03 00 04 00 05 00 17 00 88 00 12 01 67 01 95 01 80 01 57 01 29 01 f6 00 b2 00 73 00 2f 00 ed ff d7 ff e6 ff 17 00 1f 00 1d 00 26 00 33 00 34 00 28 00 10 00 00 00 f7 ff e7 ff ec ff e9 ff f6 ff 01 00 01 00 08 00 0c 00 0e 00 08 00 fd ff e1 ff cb ff d7 ff e6 ff ed ff f2 ff f3 ff fc ff 02 00 fb ff fe ff fb ff f5 ff f5 ff ff ff 0b 00 10 00 00 00 f7 ff e4 ff db ff e1 ff e6 ff e9 ff f1 ff fa ff 04 00 04 00 06 00 05 00 04 00 01 00 ff ff 04 00 0b 00 0c 00 08 00 fa ff e6 ff dc ff e3 ff ec ff f2 ff f9 ff 03 00 08 00 05 00 00 00 00 00 02 00 01 00 00 00 03 00 07 00 08 00 08 00 03 00 fe ff f6 ff f0 ff ee ff f3 ff f9 ff fd ff 00 00 00 00 ff ff fe ff ff ff 00 00 02 00 05 00 08 00 08 00 05 00 01 00 fa ff f0 ff ec ff f1 ff f8 ff fd ff ff ff fe ff fc ff fa ff fc ff fc ff f8 ff fa ff fc ff f9 ff eb ff dc ff cf ff cb ff c5 ff c1 ff bd ff ba ff ba ff c0 ff c9 ff d2 ff da ff e2 ff e9 ff ea ff e9 ff e7 ff e6 ff e6 ff e8 ff ed ff f2 ff f7 ff fa ff fc ff fd ff fd ff fe ff fe ff ff ff ff ff ff ff fe ff ff ff 00 00 00 00 fe ff fd ff 00 00 ff ff fd ff fd ff fe ff ff ff 03 00 13 00 18 00 0a 00 06 00 09 00 0e 00 0c 00 0c 00 0a 00 08 00 05 00 01 00 fe ff fe ff fc ff fd ff fd ff ff ff 01 00 02 00 03 00 04 00 04 00 03 00 03 00 03 00 02 00 01 00 00 00 00 00 00 00 00 00 01 00 01 00 02 00 02 00 02 00 02 00 02 00 01 00 01 00 01 00 00 00 00 00 01 00 01 00 01 00 01 00 02 00 02 00 02 00 02 00 02 00 01 00 02 00 02 00 01 00 01 00 01 00 01 00 01 00 01 00 01 00 00 00 00 00 00 00 00 00 00 00 00 00 00 00 01 00 01 00 01 00 01 00 02 00 02 00 02 00 01 00 01 00 01 00 01 00 01 00 01 00 01 00 01 00 01 00 01 00 01 00 01 00 01 00 01 00 01 00 01 00 01 00 01 00 01 00 01 00 00 00 00 00 00 00 00 00 00 00 00 00 00 00 00 00 00 00 00 00 01 00 01 00 00 00 00 00 00 00 01 00 01 00 00 00 00 00 00 00 01 00 01 00 00 00 00 00 01 00 01 00 01 00 00 00 00 00 01 00 01 00 01 00 01 00 01 00 01 00 01 00 00 00 00 00 01 00 00 00 00 00 00 00 00 00 00 00 00 00 01 00 01 00 01 00 01 00 01 00 01 00 01 00 00 00 00 00 00 00 00 00 00 00 00 00 00 00 00 00 00 00 00 00 01 00 01 00 

[2025-02-21 02:46:50] , ACU_SN:    WTG26050900092 , Crash X ,Data: 01 00 01 00 01 00 01 00 01 00 00 00 00 00 00 00 00 00 00 00 00 00 00 00 00 00 01 00 00 00 00 00 02 00 08 00 25 00 3c 00 6c 00 1d 00 67 00 41 00 42 00 45 00 22 00 21 00 7e 00 0d 00 1f 00 f9 ff d4 ff f5 ff 06 00 00 00 f3 ff f3 ff 02 00 15 00 15 00 0f 00 ff ff 00 00 fd ff f6 ff fd ff ef ff f3 ff fb ff f3 ff fb ff 06 00 06 00 0a 00 0a 00 04 00 ff ff fd ff fd ff 00 00 00 00 fd ff f8 ff f7 ff f9 ff f9 ff fc ff ff ff fe ff 00 00 05 00 07 00 04 00 04 00 04 00 01 00 fe ff fb ff f8 ff fa ff fb ff fc ff fe ff fe ff fe ff ff ff 02 00 03 00 02 00 01 00 01 00 00 00 00 00 00 00 ff ff fd ff fb ff fb ff fc ff fe ff ff ff ff ff fe ff ff ff 02 00 03 00 03 00 01 00 ff ff ff ff ff ff fe ff ff ff ff ff fd ff fd ff fe ff ff ff 00 00 00 00 00 00 00 00 00 00 01 00 01 00 01 00 01 00 00 00 00 00 01 00 00 00 ff ff ff ff ff ff fe ff fe ff ff ff ff ff ff ff ff ff ff ff 01 00 01 00 01 00 00 00 00 00 00 00 00 00 00 00 00 00 ff ff fe ff fe ff fe ff ff ff ff ff 00 00 ff ff ff ff ff ff 00 00 00 00 00 00 04 00 1e 00 23 00 8d ff 88 ff a5 ff c1 ff b9 ff be ff a4 ff 94 ff 9d ff cd ff dc ff ef ff 18 00 26 00 1b 00 16 00 12 00 0b 00 05 00 03 00 fd ff f0 ff f7 ff fe ff fd ff fa ff 0c 00 1a 00 15 00 12 00 0d 00 06 00 01 00 f8 ff f6 ff ec ff f5 ff fb ff 01 00 01 00 04 00 0b 00 00 00 ff ff fc ff fe ff 03 00 07 00 0e 00 0f 00 0b 00 01 00 f7 ff f3 ff f2 ff f6 ff f8 ff f8 ff fc ff 02 00 08 00 0c 00 0f 00 0e 00 0c 00 0b 00 0b 00 05 00 08 00 02 00 f8 ff f4 ff f0 ff f5 ff f9 ff f8 ff fa ff fe ff 01 00 03 00 06 00 0c 00 0d 00 09 00 0a 00 0b 00 09 00 05 00 ff ff f7 ff f5 ff f8 ff fa ff fa ff f8 ff fa ff fe ff 02 00 05 00 06 00 05 00 04 00 06 00 09 00 0e 00 0a 00 07 00 04 00 01 00 fb ff f6 ff f6 ff f7 ff fa ff fc ff fc ff fe ff 00 00 03 00 0c 00 13 00 08 00 0b 00 08 00 0b 00 0d 00 0c 00 0a 00 09 00 07 00 08 00 0c 00 0e 00 0f 00 12 00 14 00 14 00 13 00 10 00 0e 00 0a 00 04 00 ff ff fb ff f9 ff fa ff fc ff fe ff 00 00 02 00 03 00 04 00 03 00 02 00 01 00 ff ff fd ff fc ff fc ff fd ff fd ff fd ff 00 00 fe ff ff ff ff ff ff ff fe ff fc ff ff ff 09 00 04 00 04 00 00 00 04 00 08 00 0a 00 08 00 09 00 05 00 00 00 fd ff fc ff fb ff fb ff fc ff fd ff ff ff 00 00 01 00 03 00 03 00 03 00 02 00 00 00 ff ff ff ff ff ff fe ff ff ff ff ff ff ff 00 00 00 00 00 00 01 00 01 00 01 00 00 00 00 00 01 00 00 00 00 00 00 00 00 00 00 00 00 00 00 00 00 00 00 00 00 00 00 00 00 00 00 00 00 00 00 00 00 00 00 00 00 00 00 00 00 00 00 00 00 00 00 00 ff ff ff ff 00 00 00 00 00 00 00 00 00 00 00 00 00 00 00 00 00 00 01 00 00 00 00 00 00 00 00 00 00 00 00 00 00 00 00 00 00 00 ff ff 00 00 00 00 00 00 00 00 00 00 00 00 00 00 00 00 00 00 00 00 00 00 00 00 00 00 01 00 00 00 00 00 00 00 00 00 00 00 00 00 01 00 01 00 00 00 00 00 00 00 00 00 00 00 00 00 00 00 00 00 01 00 01 00 00 00 00 00 00 00 00 00 00 00 00 00 00 00 00 00 00 00 00 00 01 00 01 00 01 00 00 00 01 00 00 00 00 00 00 00 00 00 00 00 00 00 00 00 00 00 00 00 00 00 00 00 00 00 00 00 00 00 00 00 00 00 00 00 00 00 00 00 00 00 00 00 00 00 00 00 00 00 00 00 00 00 00 00 00 00 00 00 00 00 

[2025-02-21 02:46:52] , ACU_SN:    WTG26050900092 , Crash Y ,Data: 00 00 00 00 00 00 00 00 00 00 00 00 00 00 00 00 00 00 00 00 00 00 00 00 00 00 00 00 00 00 00 00 fd ff fb ff f7 ff ed ff 50 fe c9 fd 5b fd 6a fe 1d ff 35 ff 35 ff 86 ff 81 00 80 00 25 00 cc ff cd ff 19 00 1d 00 06 00 f7 ff fb ff 15 00 0f 00 0c 00 07 00 fc ff ff ff 0e 00 12 00 fc ff ef ff f7 ff ee ff e2 ff 0d 00 2c 00 18 00 13 00 11 00 14 00 10 00 00 00 fe ff fc ff ff ff 03 00 00 00 fd ff fe ff ff ff 01 00 07 00 0a 00 09 00 0c 00 0c 00 0b 00 0b 00 0a 00 08 00 05 00 03 00 00 00 00 00 fe ff ff ff 02 00 06 00 09 00 0b 00 0c 00 0c 00 0c 00 0b 00 0a 00 07 00 04 00 01 00 01 00 01 00 00 00 fe ff fe ff 00 00 02 00 04 00 07 00 09 00 0a 00 0a 00 09 00 08 00 08 00 06 00 03 00 02 00 01 00 01 00 01 00 00 00 00 00 00 00 02 00 04 00 05 00 06 00 07 00 07 00 06 00 06 00 06 00 05 00 04 00 03 00 02 00 01 00 02 00 02 00 01 00 01 00 02 00 03 00 03 00 04 00 04 00 05 00 05 00 05 00 05 00 05 00 04 00 03 00 03 00 02 00 02 00 02 00 01 00 01 00 01 00 01 00 02 00 03 00 03 00 03 00 03 00 04 00 05 00 22 00 88 00 1b 01 64 01 97 01 7d 01 58 01 29 01 f7 00 b0 00 8b 00 55 00 11 00 d5 ff c7 ff fc ff 1b 00 1d 00 20 00 26 00 2e 00 1f 00 0b 00 f9 ff f4 ff f5 ff d2 ff e4 ff ed ff f7 ff 02 00 09 00 0f 00 12 00 06 00 08 00 f5 ff e7 ff d0 ff e0 ff ea ff f8 ff fb ff ff ff ff ff fa ff f9 ff fa ff f4 ff f0 ff f9 ff 06 00 0d 00 00 00 f2 ff de ff e4 ff e4 ff e7 ff e9 ff f2 ff fd ff 05 00 06 00 07 00 08 00 09 00 05 00 01 00 02 00 08 00 0e 00 fd ff e4 ff e8 ff e9 ff ea ff e9 ff 00 00 02 00 04 00 05 00 04 00 03 00 05 00 05 00 05 00 06 00 07 00 05 00 07 00 08 00 04 00 fc ff f4 ff ef ff f2 ff f6 ff fb ff fe ff fb ff fa ff ff ff ff ff ff ff 00 00 04 00 08 00 07 00 08 00 05 00 f1 ff ec ff ed ff f1 ff f5 ff f9 ff fe ff ff ff fe ff fd ff fb ff fa ff f3 ff f7 ff f6 ff e5 ff e4 ff e0 ff dc ff d4 ff cb ff c2 ff bb ff b7 ff b9 ff c1 ff ca ff d4 ff db ff e1 ff e9 ff ee ff ee ff eb ff e8 ff e7 ff e8 ff ec ff f0 ff f5 ff fa ff fd ff fd ff fc ff fc ff fc ff fd ff fe ff fe ff fc ff fc ff fd ff 00 00 00 00 fd ff fe ff 00 00 fe ff fd ff fe ff fd ff 08 00 2b 00 0d 00 07 00 03 00 08 00 10 00 0e 00 0c 00 0a 00 06 00 03 00 00 00 ff ff fd ff fd ff fe ff fe ff 00 00 01 00 03 00 05 00 05 00 06 00 00 00 01 00 01 00 00 00 00 00 00 00 ff ff ff ff 00 00 01 00 01 00 02 00 02 00 03 00 03 00 03 00 02 00 01 00 00 00 00 00 00 00 01 00 00 00 00 00 00 00 00 00 01 00 01 00 01 00 01 00 02 00 02 00 02 00 02 00 02 00 01 00 01 00 01 00 02 00 02 00 01 00 00 00 01 00 00 00 00 00 00 00 00 00 01 00 01 00 01 00 01 00 02 00 02 00 02 00 02 00 01 00 01 00 01 00 00 00 00 00 00 00 00 00 00 00 00 00 01 00 01 00 01 00 01 00 01 00 01 00 01 00 01 00 01 00 01 00 01 00 00 00 00 00 00 00 00 00 00 00 00 00 00 00 00 00 00 00 00 00 00 00 01 00 01 00 01 00 01 00 01 00 01 00 01 00 00 00 00 00 01 00 01 00 00 00 01 00 00 00 00 00 00 00 00 00 00 00 00 00 00 00 01 00 01 00 01 00 01 00 01 00 01 00 01 00 01 00 01 00 01 00 01 00 00 00 00 00 00 00 00 00 01 00 01 00 01 00 01 00 01 00 01 00 00 00 00 00 01 00 01 00 01 00 01 00 00 00 01 00 01 00 00 00 00 00 00 00 01 00 

[2025-02-21 02:48:34] , ACU_SN:    WTG26050900092 , Crash X ,Data: 00 00 00 00 00 00 00 00 00 00 00 00 00 00 00 00 00 00 00 00 00 00 00 00 00 00 00 00 00 00 00 00 00 00 00 00 00 00 00 00 f4 ff df ff 49 00 54 00 8a 00 42 00 42 00 57 00 2e 00 23 00 95 00 28 00 00 00 e9 ff db ff f2 ff 01 00 f7 ff f1 ff e9 ff ff ff 1d 00 17 00 17 00 0a 00 04 00 fc ff f4 ff fe ff ea ff f4 ff f7 ff ee ff f9 ff fe ff 03 00 09 00 0a 00 06 00 02 00 01 00 ff ff 00 00 00 00 fc ff f7 ff f8 ff fa ff fa ff fd ff ff ff ff ff 01 00 06 00 05 00 03 00 02 00 02 00 00 00 fe ff fb ff f9 ff f9 ff fb ff fc ff fc ff fc ff fe ff ff ff 01 00 03 00 03 00 01 00 00 00 00 00 00 00 00 00 ff ff fc ff fb ff fb ff fc ff fd ff fe ff fe ff fe ff ff ff 01 00 03 00 02 00 00 00 fe ff ff ff ff ff ff ff fe ff fe ff fd ff fd ff fe ff ff ff ff ff ff ff fe ff ff ff 00 00 01 00 00 00 00 00 00 00 00 00 ff ff 00 00 00 00 ff ff ff ff fe ff fe ff ff ff ff ff ff ff fe ff fe ff ff ff 00 00 00 00 00 00 00 00 00 00 00 00 00 00 00 00 00 00 ff ff ff ff ff ff ff ff ff ff ff ff ff ff fe ff ff ff ff ff 00 00 00 00 00 00 00 00 ff ff 0b 00 2b 00 0a 00 87 ff 7f ff ae ff b8 ff c1 ff b7 ff a5 ff a4 ff b0 ff d7 ff d8 ff f5 ff 1a 00 1f 00 0c 00 09 00 09 00 04 00 02 00 06 00 ff ff f2 ff fb ff fe ff 02 00 0a 00 10 00 12 00 12 00 0a 00 0b 00 0e 00 07 00 01 00 f4 ff ec ff ee ff fa ff fc ff 00 00 01 00 07 00 00 00 fe ff ff ff 02 00 04 00 08 00 0e 00 13 00 0d 00 fd ff f3 ff f2 ff f4 ff f9 ff f8 ff f5 ff fa ff 02 00 07 00 09 00 0c 00 0c 00 0b 00 0b 00 0d 00 06 00 0a 00 06 00 fc ff f3 ff f1 ff f3 ff f8 ff f9 ff f7 ff fd ff 03 00 06 00 07 00 09 00 0a 00 07 00 09 00 09 00 07 00 fe ff 02 00 fc ff f4 ff f6 ff f9 ff f8 ff fa ff fb ff fc ff 03 00 08 00 06 00 02 00 03 00 05 00 07 00 08 00 09 00 05 00 04 00 04 00 04 00 fe ff f9 ff f7 ff f7 ff fa ff fb ff fc ff fe ff 01 00 0f 00 0b 00 0d 00 0f 00 0f 00 15 00 13 00 0f 00 0c 00 09 00 08 00 09 00 0b 00 0c 00 0e 00 0f 00 0e 00 0c 00 0b 00 0c 00 0a 00 07 00 03 00 ff ff fc ff fc ff fd ff fe ff ff ff 01 00 03 00 03 00 02 00 00 00 ff ff fe ff fd ff fd ff fb ff fb ff fb ff fc ff fd ff fe ff ff ff 01 00 fe ff fe ff 00 00 03 00 04 00 03 00 01 00 04 00 04 00 06 00 05 00 04 00 03 00 ff ff fe ff fe ff fd ff fc ff fe ff fe ff fe ff 00 00 01 00 01 00 01 00 02 00 02 00 01 00 ff ff ff ff ff ff 00 00 ff ff ff ff ff ff ff ff ff ff ff ff 00 00 00 00 00 00 ff ff ff ff 00 00 00 00 00 00 00 00 00 00 00 00 ff ff ff ff 00 00 ff ff ff ff ff ff 00 00 00 00 00 00 00 00 00 00 00 00 ff ff 00 00 00 00 01 00 01 00 00 00 00 00 00 00 00 00 00 00 ff ff 00 00 00 00 ff ff ff ff ff ff 00 00 00 00 00 00 00 00 00 00 00 00 01 00 00 00 00 00 00 00 00 00 00 00 00 00 00 00 ff ff ff ff ff ff ff ff 00 00 00 00 00 00 00 00 00 00 00 00 00 00 00 00 00 00 00 00 00 00 00 00 00 00 00 00 ff ff 00 00 00 00 00 00 00 00 00 00 01 00 00 00 00 00 00 00 00 00 00 00 00 00 00 00 00 00 00 00 00 00 00 00 00 00 00 00 00 00 00 00 00 00 00 00 00 00 00 00 00 00 00 00 00 00 00 00 00 00 00 00 00 00 00 00 00 00 00 00 00 00 00 00 ff ff 00 00 00 00 00 00 00 00 00 00 00 00 00 00 00 00 00 00 00 00 00 00 00 00 00 00 00 00 00 00 00 00 

[2025-02-21 02:48:35] , ACU_SN:    WTG26050900092 , Crash Y ,Data: 00 00 00 00 00 00 00 00 00 00 00 00 00 00 00 00 00 00 00 00 00 00 00 00 00 00 00 00 00 00 00 00 00 00 00 00 fe ff f8 ff d7 ff 5c ff c5 fe cc fd 81 fd 5c fe 16 ff 41 ff 32 ff 91 ff ec 00 85 00 15 00 ca ff cb ff 12 00 14 00 fd ff f2 ff fe ff 10 00 11 00 0b 00 0a 00 07 00 0b 00 10 00 10 00 fe ff f3 ff f9 ff e7 ff e6 ff 01 00 2c 00 19 00 11 00 12 00 14 00 10 00 00 00 fb ff fa ff fd ff 00 00 fc ff ff ff 01 00 02 00 05 00 08 00 08 00 08 00 0f 00 0c 00 0b 00 0a 00 09 00 07 00 04 00 03 00 01 00 00 00 ff ff ff ff 02 00 06 00 0a 00 0c 00 0d 00 0c 00 0d 00 0d 00 0b 00 07 00 05 00 03 00 01 00 01 00 00 00 00 00 ff ff 00 00 02 00 04 00 07 00 09 00 0a 00 0a 00 09 00 08 00 07 00 06 00 04 00 02 00 01 00 01 00 02 00 01 00 01 00 01 00 02 00 04 00 06 00 06 00 07 00 06 00 06 00 06 00 06 00 05 00 05 00 04 00 03 00 03 00 03 00 03 00 02 00 02 00 02 00 03 00 03 00 04 00 04 00 05 00 05 00 06 00 06 00 05 00 05 00 04 00 03 00 03 00 03 00 02 00 02 00 02 00 02 00 03 00 03 00 03 00 03 00 03 00 04 00 04 00 04 00 04 00 08 00 43 00 b0 00 2e 01 6f 01 93 01 69 01 45 01 13 01 d8 00 b2 00 97 00 53 00 10 00 c6 ff c6 ff 01 00 19 00 15 00 15 00 1e 00 21 00 15 00 06 00 f1 ff e4 ff d3 ff ef ff f6 ff fa ff fd ff 06 00 0f 00 0b 00 0c 00 0f 00 0d 00 05 00 f6 ff d9 ff d7 ff ea ff f6 ff 02 00 02 00 fc ff ef ff f4 ff f9 ff f4 ff 00 00 01 00 0c 00 14 00 0d 00 f5 ff dc ff e5 ff e8 ff eb ff ec ff f3 ff fe ff 04 00 05 00 03 00 05 00 08 00 05 00 02 00 03 00 09 00 14 00 0c 00 f2 ff dc ff e6 ff e7 ff eb ff ed ff f9 ff 02 00 00 00 01 00 02 00 05 00 08 00 06 00 03 00 04 00 04 00 0c 00 0f 00 01 00 f2 ff e1 ff ec ff f1 ff f2 ff f6 ff fd ff 00 00 00 00 ff ff ff ff 01 00 01 00 02 00 07 00 09 00 08 00 0a 00 0b 00 02 00 eb ff e7 ff f0 ff f6 ff 00 00 fc ff f9 ff f4 ff f1 ff ec ff eb ff f3 ff e7 ff e1 ff dc ff d8 ff d2 ff c7 ff bd ff b6 ff b6 ff bd ff c7 ff d0 ff da ff df ff e4 ff eb ff f2 ff f5 ff f4 ff f0 ff eb ff ea ff ef ff f3 ff f6 ff f9 ff fb ff fc ff fd ff fd ff fd ff fd ff fe ff fe ff fc ff fb ff 00 00 ff ff 00 00 ff ff 00 00 00 00 00 00 ff ff 02 00 12 00 23 00 0c 00 07 00 07 00 0c 00 0c 00 0a 00 0a 00 08 00 06 00 03 00 00 00 fe ff fe ff fc ff fe ff ff ff 00 00 02 00 05 00 05 00 05 00 06 00 00 00 02 00 02 00 02 00 01 00 01 00 00 00 ff ff 00 00 01 00 01 00 00 00 01 00 02 00 02 00 02 00 02 00 02 00 02 00 02 00 02 00 03 00 02 00 02 00 01 00 01 00 01 00 00 00 00 00 00 00 01 00 01 00 01 00 02 00 02 00 02 00 03 00 03 00 03 00 03 00 02 00 02 00 02 00 01 00 01 00 00 00 00 00 00 00 00 00 00 00 01 00 01 00 01 00 01 00 02 00 02 00 02 00 02 00 02 00 02 00 02 00 01 00 01 00 01 00 00 00 00 00 00 00 00 00 00 00 00 00 00 00 01 00 01 00 02 00 02 00 02 00 02 00 01 00 01 00 01 00 01 00 01 00 01 00 00 00 00 00 00 00 00 00 00 00 01 00 01 00 01 00 01 00 02 00 02 00 02 00 01 00 01 00 01 00 01 00 01 00 01 00 01 00 01 00 01 00 01 00 01 00 01 00 01 00 01 00 01 00 01 00 01 00 01 00 01 00 02 00 01 00 01 00 01 00 01 00 00 00 00 00 00 00 00 00 01 00 01 00 01 00 01 00 01 00 01 00 01 00 01 00 01 00 01 00 01 00 01 00 01 00 01 00 01 00 

[2025-02-21 02:49:42] , ACU_SN:    WTG26050900092 , Crash X ,Data: 00 00 00 00 00 00 00 00 00 00 00 00 00 00 00 00 00 00 00 00 00 00 00 00 00 00 00 00 00 00 00 00 00 00 00 00 00 00 ff ff f6 ff c7 ff 07 00 64 00 9f 00 5a 00 40 00 59 00 36 00 22 00 b7 00 29 00 16 00 d8 ff e3 ff e8 ff f8 ff fb ff f2 ff e8 ff fe ff 1b 00 17 00 17 00 0e 00 0b 00 07 00 fb ff f2 ff f9 ff eb ff f6 ff f6 ff f2 ff f7 ff f9 ff ff ff 04 00 02 00 04 00 02 00 02 00 00 00 04 00 04 00 fe ff f8 ff fb ff f9 ff f8 ff fd ff ff ff ff ff 03 00 05 00 05 00 04 00 03 00 02 00 fe ff fb ff f9 ff f9 ff fa ff fc ff fc ff fc ff fd ff fe ff 01 00 03 00 03 00 02 00 01 00 00 00 ff ff ff ff ff ff fe ff fc ff fb ff fc ff fd ff fe ff fe ff fe ff fe ff 01 00 03 00 03 00 02 00 ff ff ff ff 00 00 ff ff ff ff fe ff fe ff fd ff fe ff ff ff ff ff ff ff ff ff ff ff 00 00 01 00 01 00 01 00 00 00 ff ff 00 00 00 00 00 00 ff ff ff ff ff ff fe ff fe ff ff ff ff ff ff ff ff ff ff ff ff ff 01 00 01 00 01 00 00 00 ff ff 00 00 00 00 00 00 ff ff ff ff ff ff ff ff ff ff ff ff 00 00 ff ff fe ff ff ff 00 00 00 00 00 00 07 00 23 00 1f 00 8a ff 84 ff a3 ff c0 ff ba ff bc ff b1 ff a7 ff b0 ff d2 ff cc ff e4 ff 14 00 1d 00 0b 00 07 00 03 00 06 00 02 00 11 00 06 00 f1 ff f9 ff fd ff 02 00 07 00 0e 00 11 00 16 00 0d 00 11 00 19 00 0f 00 ff ff f6 ff e1 ff e7 ff ea ff fb ff ff ff ff ff 04 00 00 00 05 00 06 00 05 00 05 00 00 00 0c 00 10 00 0f 00 05 00 ee ff f0 ff f2 ff f2 ff f7 ff f7 ff fa ff 06 00 0b 00 0a 00 0c 00 0c 00 0e 00 10 00 0d 00 03 00 0a 00 fe ff f2 ff f3 ff f4 ff f5 ff f9 ff f7 ff f8 ff 00 00 04 00 04 00 06 00 0a 00 0a 00 07 00 08 00 07 00 01 00 07 00 01 00 ff ff f6 ff f5 ff f9 ff fa ff f8 ff fa ff fc ff 02 00 06 00 04 00 03 00 03 00 04 00 06 00 0a 00 09 00 08 00 06 00 04 00 03 00 fe ff f9 ff f6 ff f6 ff f8 ff fa ff fc ff fe ff 00 00 00 00 0c 00 0f 00 0a 00 10 00 0e 00 14 00 12 00 0f 00 0b 00 0b 00 0a 00 0a 00 0c 00 0d 00 0d 00 0d 00 0d 00 0a 00 09 00 0a 00 07 00 03 00 ff ff fd ff fd ff fe ff fe ff fe ff 00 00 02 00 03 00 02 00 01 00 00 00 ff ff fe ff fd ff fc ff fc ff fd ff fe ff fd ff 00 00 01 00 00 00 00 00 fe ff fd ff fb ff fb ff fc ff fe ff fe ff 05 00 07 00 08 00 06 00 06 00 09 00 07 00 05 00 01 00 01 00 ff ff fb ff fa ff fa ff fc ff fe ff ff ff 00 00 01 00 01 00 02 00 02 00 02 00 02 00 01 00 ff ff fe ff fe ff fe ff fe ff fe ff fe ff ff ff 00 00 ff ff 00 00 01 00 01 00 00 00 00 00 00 00 00 00 00 00 00 00 00 00 00 00 ff ff ff ff ff ff ff ff ff ff ff ff ff ff ff ff 00 00 00 00 00 00 00 00 00 00 00 00 00 00 00 00 00 00 00 00 ff ff ff ff 00 00 ff ff ff ff ff ff 00 00 00 00 00 00 00 00 00 00 01 00 01 00 00 00 00 00 00 00 00 00 00 00 00 00 00 00 00 00 ff ff ff ff ff ff ff ff 00 00 00 00 00 00 00 00 00 00 00 00 00 00 00 00 00 00 00 00 00 00 00 00 00 00 00 00 ff ff ff ff ff ff 00 00 00 00 00 00 00 00 00 00 00 00 00 00 00 00 00 00 00 00 00 00 00 00 00 00 00 00 00 00 ff ff 00 00 00 00 00 00 00 00 00 00 00 00 00 00 00 00 00 00 00 00 00 00 01 00 00 00 00 00 00 00 00 00 00 00 00 00 00 00 00 00 00 00 ff ff ff ff 00 00 00 00 00 00 00 00 00 00 00 00 00 00 00 00 00 00 00 00 00 00 00 00 00 00 

[2025-02-21 02:49:44] , ACU_SN:    WTG26050900092 , Crash Y ,Data: 00 00 00 00 00 00 00 00 00 00 00 00 00 00 00 00 00 00 00 00 00 00 00 00 00 00 00 00 00 00 00 00 00 00 00 00 fe ff f6 ff dd ff 7d ff da fe 19 fe 68 fd 2f fe fe fe 3c ff 25 ff 70 ff e7 00 a0 00 2f 00 c9 ff c2 ff 07 00 16 00 0c 00 ee ff fc ff 0b 00 11 00 03 00 04 00 00 00 08 00 11 00 14 00 09 00 fb ff f3 ff fb ff e9 ff ec ff 0a 00 2d 00 18 00 09 00 16 00 11 00 00 00 fd ff f9 ff fc ff 01 00 02 00 fe ff 00 00 02 00 02 00 07 00 0a 00 08 00 0c 00 0c 00 0b 00 0b 00 0a 00 08 00 05 00 03 00 01 00 ff ff fe ff fe ff 00 00 04 00 08 00 0c 00 0c 00 0c 00 0c 00 0d 00 0c 00 08 00 06 00 03 00 01 00 01 00 00 00 00 00 00 00 00 00 01 00 03 00 06 00 09 00 09 00 09 00 09 00 09 00 07 00 07 00 05 00 03 00 02 00 01 00 01 00 01 00 01 00 01 00 01 00 04 00 05 00 06 00 06 00 06 00 07 00 06 00 06 00 05 00 05 00 03 00 02 00 02 00 03 00 02 00 01 00 01 00 02 00 03 00 03 00 03 00 04 00 05 00 04 00 04 00 05 00 05 00 05 00 04 00 03 00 03 00 02 00 02 00 02 00 02 00 01 00 02 00 02 00 03 00 03 00 03 00 04 00 04 00 06 00 2d 00 95 00 1e 01 63 01 98 01 76 01 52 01 24 01 e9 00 c2 00 a9 00 69 00 28 00 cc ff af ff ed ff 0f 00 12 00 0f 00 11 00 23 00 18 00 0a 00 f5 ff f3 ff ce ff eb ff f8 ff f7 ff fe ff ff ff 0c 00 08 00 13 00 16 00 1b 00 0f 00 ec ff c7 ff cb ff de ff f5 ff fc ff 00 00 01 00 04 00 fe ff fc ff f0 ff e6 ff f6 ff 0a 00 00 00 0d 00 06 00 dc ff cf ff de ff e5 ff e8 ff eb ff f7 ff 06 00 07 00 09 00 07 00 07 00 06 00 06 00 05 00 0f 00 10 00 03 00 e4 ff dc ff e7 ff e8 ff e9 ff ed ff f7 ff fe ff 00 00 00 00 00 00 06 00 07 00 05 00 03 00 04 00 0a 00 0c 00 09 00 0a 00 f4 ff db ff e9 ff f1 ff f5 ff f7 ff f9 ff fd ff ff ff ff ff 02 00 02 00 01 00 04 00 08 00 09 00 0a 00 0b 00 0a 00 05 00 e9 ff e3 ff ed ff f3 ff 00 00 fc ff fb ff f8 ff f4 ff f1 ff ec ff e8 ff f0 ff e6 ff db ff d9 ff d5 ff d1 ff c8 ff c1 ff bc ff c0 ff c6 ff cf ff d6 ff db ff e0 ff e5 ff ec ff f1 ff f0 ff ef ff ee ff ee ff f0 ff f4 ff f7 ff fa ff fc ff fd ff fe ff ff ff fe ff ff ff 00 00 00 00 ff ff fd ff fd ff 00 00 00 00 00 00 ff ff ff ff 01 00 01 00 ff ff ff ff fe ff fc ff fc ff fd ff 00 00 18 00 1f 00 0b 00 09 00 0c 00 10 00 0a 00 07 00 05 00 04 00 01 00 fe ff fd ff fd ff fe ff ff ff 00 00 02 00 03 00 05 00 06 00 05 00 05 00 04 00 00 00 00 00 00 00 00 00 00 00 00 00 00 00 01 00 01 00 02 00 02 00 02 00 02 00 03 00 02 00 02 00 02 00 02 00 01 00 01 00 01 00 01 00 00 00 00 00 00 00 00 00 00 00 00 00 01 00 01 00 02 00 02 00 02 00 03 00 03 00 02 00 02 00 02 00 02 00 01 00 01 00 01 00 00 00 00 00 00 00 00 00 00 00 00 00 01 00 01 00 01 00 02 00 02 00 02 00 02 00 02 00 02 00 02 00 01 00 01 00 01 00 00 00 00 00 00 00 00 00 00 00 01 00 01 00 01 00 02 00 02 00 02 00 02 00 02 00 02 00 01 00 01 00 00 00 00 00 00 00 00 00 00 00 00 00 00 00 01 00 01 00 01 00 01 00 02 00 02 00 02 00 02 00 01 00 01 00 01 00 01 00 00 00 00 00 00 00 00 00 00 00 00 00 00 00 01 00 01 00 01 00 01 00 02 00 02 00 02 00 02 00 02 00 01 00 01 00 01 00 01 00 00 00 00 00 00 00 00 00 01 00 01 00 00 00 01 00 01 00 02 00 02 00 02 00 02 00 02 00 01 00 01 00 01 00 01 00 

