[2025-02-21 03:05:08] , ACU_SN:    WTG26050900134 , Crash X ,Data: 01 00 01 00 01 00 01 00 01 00 01 00 01 00 01 00 00 00 00 00 00 00 00 00 00 00 00 00 00 00 00 00 00 00 00 00 00 00 00 00 01 00 01 00 04 00 09 00 10 00 0c 00 08 00 e6 ff ed ff f0 ff 08 00 04 00 ed ff ea ff fd ff 13 00 15 00 12 00 0f 00 06 00 f9 ff f3 ff f6 ff fd ff 00 00 03 00 00 00 ff ff 04 00 05 00 02 00 00 00 00 00 04 00 03 00 02 00 fd ff fd ff fc ff fb ff fe ff 02 00 01 00 03 00 05 00 00 00 01 00 00 00 01 00 03 00 00 00 00 00 00 00 01 00 02 00 ff ff fe ff ff ff 00 00 01 00 01 00 01 00 01 00 02 00 01 00 00 00 ff ff 00 00 00 00 00 00 00 00 fe ff fe ff ff ff 01 00 02 00 02 00 02 00 01 00 00 00 00 00 00 00 00 00 00 00 00 00 ff ff ff ff ff ff 00 00 ff ff fe ff ff ff ff ff 00 00 01 00 01 00 00 00 00 00 00 00 01 00 02 00 02 00 02 00 00 00 00 00 00 00 00 00 01 00 01 00 01 00 00 00 00 00 01 00 01 00 01 00 01 00 00 00 00 00 00 00 01 00 00 00 00 00 00 00 00 00 00 00 00 00 00 00 01 00 00 00 00 00 00 00 00 00 00 00 01 00 01 00 00 00 00 00 01 00 01 00 01 00 00 00 ff ff ff ff 00 00 00 00 00 00 00 00 00 00 fd ff fc ff 04 00 06 00 ff ff ef ff eb ff ed ff fb ff 04 00 11 00 10 00 0f 00 04 00 fa ff f0 ff f1 ff 04 00 08 00 06 00 09 00 0e 00 12 00 0c 00 07 00 05 00 f8 ff f3 ff f9 ff f4 ff ee ff f5 ff fa ff 00 00 02 00 fc ff 02 00 08 00 07 00 09 00 06 00 03 00 ff ff 01 00 ff ff fd ff ff ff fe ff 00 00 01 00 01 00 04 00 05 00 03 00 02 00 00 00 00 00 ff ff fe ff fc ff fd ff ff ff ff ff fe ff 02 00 02 00 02 00 03 00 04 00 05 00 03 00 02 00 00 00 00 00 00 00 fe ff ff ff 01 00 00 00 01 00 02 00 01 00 01 00 01 00 fe ff ff ff ff ff ff ff fd ff fd ff fe ff 00 00 00 00 00 00 01 00 01 00 01 00 00 00 ff ff ff ff 00 00 00 00 00 00 01 00 01 00 02 00 02 00 02 00 03 00 03 00 03 00 02 00 00 00 00 00 00 00 ff ff ff ff 00 00 01 00 00 00 00 00 01 00 01 00 01 00 02 00 03 00 03 00 02 00 01 00 00 00 ff ff fe ff fe ff fe ff ff ff 00 00 02 00 03 00 03 00 02 00 01 00 00 00 ff ff ff ff ff ff fe ff fe ff ff ff ff ff 00 00 00 00 00 00 ff ff ff ff 00 00 00 00 01 00 00 00 00 00 01 00 01 00 01 00 01 00 00 00 00 00 00 00 00 00 00 00 01 00 01 00 01 00 00 00 00 00 00 00 00 00 01 00 02 00 01 00 01 00 01 00 01 00 01 00 00 00 00 00 00 00 00 00 00 00 01 00 01 00 01 00 01 00 02 00 01 00 01 00 01 00 00 00 01 00 01 00 00 00 00 00 00 00 00 00 00 00 00 00 00 00 00 00 00 00 00 00 00 00 00 00 01 00 01 00 00 00 00 00 01 00 01 00 00 00 00 00 00 00 00 00 00 00 00 00 00 00 00 00 00 00 00 00 00 00 00 00 00 00 00 00 00 00 01 00 00 00 00 00 00 00 00 00 00 00 00 00 00 00 00 00 00 00 00 00 00 00 00 00 00 00 00 00 00 00 00 00 01 00 01 00 01 00 01 00 01 00 00 00 00 00 00 00 00 00 00 00 00 00 00 00 00 00 00 00 00 00 00 00 00 00 01 00 01 00 01 00 01 00 01 00 01 00 01 00 01 00 01 00 00 00 00 00 00 00 00 00 00 00 00 00 00 00 00 00 00 00 00 00 00 00 01 00 01 00 00 00 00 00 00 00 00 00 00 00 00 00 00 00 00 00 00 00 00 00 00 00 01 00 01 00 01 00 01 00 01 00 01 00 01 00 00 00 01 00 00 00 00 00 00 00 00 00 00 00 00 00 00 00 00 00 00 00 00 00 00 00 00 00 00 00 00 00 00 00 00 00 00 00 00 00 00 00 00 00 00 00 00 00 00 00 00 00 00 00 

[2025-02-21 03:05:10] , ACU_SN:    WTG26050900134 , Crash Y ,Data: 00 00 00 00 00 00 00 00 00 00 00 00 00 00 00 00 00 00 00 00 00 00 00 00 00 00 00 00 00 00 00 00 00 00 00 00 ff ff f4 ff dd ff b0 ff 50 ff a3 fe a8 fd 9b fd 89 fe 71 ff 91 ff ca ff 06 00 40 00 3c 00 04 00 d0 ff be ff d9 ff e0 ff dd ff df ff ef ff 03 00 10 00 1d 00 21 00 1f 00 1f 00 19 00 0a 00 04 00 fa ff f4 ff fe ff fd ff ff ff 00 00 05 00 0c 00 0e 00 0e 00 0d 00 05 00 02 00 01 00 fb ff fc ff fc ff fa ff fc ff 00 00 07 00 0d 00 0d 00 0e 00 0b 00 07 00 07 00 04 00 01 00 fd ff fa ff f9 ff fa ff fc ff fd ff 01 00 06 00 0a 00 0b 00 0a 00 0a 00 0b 00 09 00 05 00 01 00 fe ff fb ff fb ff fb ff fb ff fc ff fe ff 01 00 03 00 07 00 0a 00 0a 00 09 00 08 00 06 00 06 00 05 00 03 00 00 00 fd ff fc ff fd ff ff ff ff ff 00 00 01 00 02 00 04 00 06 00 08 00 07 00 05 00 04 00 02 00 03 00 03 00 01 00 ff ff fe ff ff ff 00 00 01 00 02 00 02 00 02 00 03 00 05 00 06 00 06 00 05 00 05 00 04 00 03 00 03 00 02 00 01 00 00 00 ff ff ff ff 00 00 01 00 02 00 03 00 04 00 05 00 06 00 07 00 07 00 06 00 04 00 03 00 03 00 07 00 36 00 8d 00 0c 01 86 01 d1 01 d2 01 8d 01 3f 01 f9 00 b4 00 6f 00 23 00 ee ff ec ff fc ff 1b 00 2d 00 1f 00 0d 00 05 00 03 00 fb ff f4 ff f8 ff f6 ff f8 ff 06 00 0e 00 06 00 03 00 05 00 fa ff f1 ff e7 ff d5 ff d1 ff d7 ff e4 ff ee ff f4 ff 05 00 15 00 20 00 28 00 26 00 1b 00 14 00 0a 00 fc ff f1 ff e5 ff da ff d3 ff d3 ff db ff ea ff f7 ff 04 00 0e 00 15 00 1f 00 22 00 1c 00 12 00 07 00 fe ff f8 ff f2 ff ec ff e9 ff e7 ff e9 ff f0 ff f7 ff fd ff 03 00 07 00 0b 00 0d 00 0e 00 0d 00 09 00 05 00 00 00 fe ff 00 00 00 00 00 00 fe ff fa ff fb ff fa ff f8 ff f9 ff f9 ff fd ff 02 00 03 00 07 00 0a 00 08 00 08 00 07 00 04 00 03 00 ff ff fa ff f7 ff f5 ff f3 ff f3 ff f3 ff f4 ff f6 ff f7 ff f6 ff f4 ff f0 ff ea ff e1 ff d4 ff c4 ff b1 ff 9d ff 8f ff 8b ff 93 ff a5 ff b9 ff cc ff dd ff ea ff f0 ff f3 ff f0 ff eb ff e8 ff e8 ff ea ff ef ff f4 ff f9 ff fe ff 03 00 05 00 07 00 07 00 06 00 04 00 01 00 00 00 00 00 00 00 00 00 00 00 fe ff fd ff fe ff fe ff fe ff ff ff ff ff ff ff 01 00 01 00 02 00 03 00 03 00 02 00 01 00 02 00 01 00 00 00 00 00 ff ff fe ff ff ff ff ff ff ff 00 00 01 00 02 00 02 00 03 00 03 00 03 00 04 00 02 00 01 00 01 00 00 00 00 00 ff ff ff ff fe ff fe ff ff ff 00 00 00 00 01 00 02 00 02 00 03 00 03 00 04 00 04 00 04 00 03 00 02 00 01 00 01 00 00 00 00 00 00 00 00 00 00 00 00 00 01 00 02 00 02 00 02 00 03 00 03 00 04 00 03 00 02 00 02 00 02 00 01 00 01 00 00 00 00 00 01 00 01 00 01 00 01 00 02 00 02 00 03 00 03 00 02 00 02 00 03 00 03 00 02 00 01 00 01 00 01 00 01 00 00 00 00 00 00 00 01 00 01 00 01 00 02 00 02 00 03 00 03 00 03 00 03 00 02 00 02 00 01 00 01 00 00 00 00 00 00 00 00 00 00 00 00 00 00 00 01 00 01 00 02 00 02 00 02 00 02 00 02 00 02 00 02 00 02 00 01 00 01 00 01 00 00 00 00 00 01 00 01 00 01 00 02 00 01 00 02 00 02 00 02 00 02 00 02 00 01 00 00 00 00 00 00 00 00 00 00 00 00 00 00 00 00 00 00 00 01 00 01 00 01 00 02 00 02 00 02 00 02 00 01 00 01 00 01 00 00 00 01 00 00 00 00 00 01 00 00 00 00 00 00 00 01 00 00 00 01 00 01 00 01 00 01 00 01 00 

[2025-02-21 03:11:23] , ACU_SN:    WTG26050900134 , Crash X ,Data: 00 00 00 00 00 00 00 00 00 00 00 00 00 00 00 00 00 00 00 00 00 00 00 00 00 00 00 00 00 00 00 00 00 00 00 00 00 00 01 00 01 00 01 00 04 00 09 00 16 00 0c 00 17 00 ef ff e3 ff ea ff 01 00 08 00 f4 ff ed ff fb ff 13 00 19 00 0b 00 12 00 12 00 ff ff f2 ff ef ff fa ff 02 00 06 00 06 00 fd ff 03 00 05 00 03 00 ff ff 00 00 01 00 03 00 ff ff fd ff 00 00 fe ff fe ff 00 00 ff ff 02 00 04 00 02 00 02 00 00 00 00 00 02 00 03 00 00 00 00 00 01 00 01 00 00 00 ff ff fe ff ff ff 00 00 01 00 01 00 01 00 01 00 02 00 02 00 01 00 ff ff ff ff 00 00 01 00 00 00 ff ff ff ff ff ff 00 00 02 00 02 00 02 00 02 00 01 00 01 00 00 00 01 00 01 00 01 00 00 00 ff ff ff ff 00 00 00 00 ff ff ff ff ff ff 00 00 02 00 02 00 02 00 02 00 01 00 01 00 02 00 02 00 01 00 00 00 ff ff fe ff ff ff ff ff 00 00 00 00 00 00 00 00 00 00 01 00 01 00 01 00 00 00 00 00 00 00 01 00 01 00 01 00 01 00 00 00 00 00 00 00 01 00 01 00 00 00 00 00 00 00 00 00 00 00 01 00 01 00 01 00 01 00 01 00 00 00 01 00 00 00 00 00 ff ff ff ff fe ff 01 00 07 00 04 00 f3 ff e9 ff eb ff f6 ff 03 00 0e 00 12 00 0d 00 05 00 fe ff fd ff f4 ff fc ff 09 00 05 00 08 00 0a 00 0c 00 0b 00 07 00 03 00 01 00 fa ff fb ff fc ff f5 ff f0 ff f9 ff fd ff fe ff ff ff fd ff 05 00 09 00 07 00 07 00 05 00 00 00 00 00 01 00 fe ff 00 00 ff ff 00 00 ff ff fe ff 00 00 02 00 04 00 04 00 00 00 00 00 02 00 00 00 fe ff ff ff fe ff ff ff ff ff 00 00 03 00 01 00 02 00 04 00 03 00 01 00 00 00 00 00 00 00 00 00 00 00 00 00 ff ff 00 00 00 00 00 00 01 00 00 00 fe ff fe ff fe ff ff ff 00 00 00 00 00 00 00 00 00 00 00 00 00 00 02 00 01 00 00 00 01 00 00 00 00 00 00 00 00 00 00 00 01 00 01 00 01 00 02 00 02 00 03 00 03 00 02 00 01 00 01 00 00 00 00 00 00 00 ff ff 00 00 01 00 00 00 00 00 01 00 01 00 01 00 02 00 02 00 02 00 02 00 03 00 02 00 01 00 00 00 ff ff fe ff fe ff fe ff fe ff 00 00 00 00 01 00 02 00 02 00 02 00 03 00 02 00 02 00 01 00 00 00 ff ff ff ff ff ff ff ff ff ff ff ff 00 00 01 00 01 00 01 00 01 00 01 00 01 00 01 00 00 00 01 00 00 00 00 00 00 00 00 00 00 00 00 00 00 00 00 00 01 00 01 00 01 00 02 00 02 00 01 00 00 00 00 00 01 00 01 00 01 00 01 00 00 00 00 00 00 00 00 00 00 00 00 00 00 00 00 00 01 00 01 00 00 00 00 00 00 00 00 00 00 00 01 00 01 00 01 00 01 00 01 00 01 00 00 00 00 00 00 00 00 00 00 00 00 00 00 00 01 00 01 00 01 00 01 00 01 00 00 00 01 00 01 00 00 00 00 00 00 00 00 00 00 00 00 00 00 00 00 00 00 00 00 00 01 00 00 00 00 00 00 00 00 00 00 00 00 00 01 00 00 00 00 00 00 00 00 00 00 00 00 00 00 00 00 00 00 00 00 00 00 00 00 00 00 00 00 00 00 00 01 00 00 00 00 00 00 00 01 00 01 00 00 00 00 00 00 00 00 00 00 00 00 00 00 00 00 00 00 00 00 00 00 00 00 00 00 00 00 00 00 00 01 00 01 00 01 00 01 00 00 00 00 00 00 00 00 00 00 00 00 00 00 00 00 00 00 00 00 00 00 00 00 00 01 00 01 00 00 00 01 00 00 00 00 00 00 00 00 00 00 00 00 00 00 00 00 00 00 00 00 00 00 00 00 00 00 00 00 00 00 00 00 00 00 00 01 00 01 00 01 00 01 00 00 00 00 00 01 00 00 00 00 00 00 00 00 00 00 00 00 00 00 00 00 00 00 00 00 00 00 00 00 00 00 00 00 00 01 00 01 00 00 00 00 00 00 00 

[2025-02-21 03:11:25] , ACU_SN:    WTG26050900134 , Crash Y ,Data: 00 00 00 00 00 00 00 00 00 00 00 00 00 00 00 00 00 00 00 00 00 00 00 00 00 00 00 00 00 00 00 00 00 00 00 00 00 00 f8 ff e5 ff bf ff 71 ff e7 fe c6 fd 56 fd 4d fe 66 ff 9e ff b3 ff ff ff 49 00 5d 00 1d 00 db ff bc ff cd ff e7 ff e1 ff dd ff e4 ff f6 ff 03 00 09 00 15 00 17 00 12 00 16 00 0e 00 02 00 00 00 fa ff fe ff 07 00 04 00 06 00 04 00 05 00 0b 00 0a 00 09 00 06 00 00 00 fc ff fd ff fb ff fd ff ff ff fc ff ff ff 06 00 0c 00 10 00 10 00 0e 00 0b 00 08 00 06 00 01 00 fb ff fa ff f8 ff f7 ff f7 ff f9 ff fe ff 05 00 08 00 0b 00 0b 00 0b 00 0d 00 0c 00 08 00 04 00 ff ff fd ff fd ff fc ff fc ff fc ff fc ff fd ff ff ff 02 00 05 00 07 00 08 00 07 00 07 00 07 00 07 00 06 00 04 00 00 00 fe ff fd ff fd ff fe ff ff ff ff ff 00 00 02 00 05 00 08 00 09 00 08 00 07 00 06 00 06 00 05 00 04 00 02 00 ff ff ff ff ff ff 00 00 01 00 01 00 01 00 02 00 04 00 05 00 06 00 06 00 05 00 05 00 04 00 03 00 03 00 02 00 01 00 00 00 ff ff ff ff 00 00 02 00 02 00 02 00 03 00 04 00 05 00 05 00 1d 00 62 00 cf 00 55 01 c0 01 e1 01 b7 01 6b 01 1b 01 ce 00 8a 00 46 00 03 00 e0 ff ed ff 06 00 1e 00 25 00 16 00 10 00 13 00 11 00 0c 00 05 00 02 00 03 00 00 00 02 00 fd ff f2 ff f3 ff f7 ff eb ff e4 ff d9 ff cf ff d4 ff da ff e6 ff f1 ff fb ff 0a 00 18 00 20 00 23 00 20 00 19 00 0d 00 06 00 fc ff f1 ff ec ff e0 ff d7 ff db ff df ff ec ff f6 ff 00 00 08 00 10 00 17 00 18 00 13 00 0d 00 07 00 ff ff fd ff f8 ff f3 ff f2 ff f1 ff 00 00 fd ff fc ff fd ff fe ff 01 00 05 00 08 00 0b 00 0a 00 09 00 08 00 05 00 04 00 02 00 fd ff fa ff f7 ff f5 ff f6 ff f6 ff f8 ff fa ff fe ff 02 00 06 00 0a 00 0c 00 0c 00 0b 00 09 00 06 00 03 00 00 00 fc ff f7 ff f5 ff f4 ff f5 ff f7 ff f8 ff fb ff fd ff ff ff 00 00 fe ff fb ff f8 ff f2 ff ec ff e4 ff da ff ce ff c1 ff b4 ff a5 ff 9a ff 95 ff 9a ff aa ff bd ff d0 ff df ff e9 ff ef ff f0 ff ee ff ec ff ea ff e9 ff ea ff eb ff ee ff f3 ff f6 ff fa ff fe ff 00 00 02 00 04 00 05 00 04 00 03 00 02 00 02 00 00 00 00 00 00 00 00 00 ff ff ff ff ff ff 00 00 00 00 00 00 00 00 01 00 01 00 01 00 02 00 01 00 01 00 01 00 01 00 00 00 01 00 01 00 01 00 00 00 ff ff ff ff ff ff ff ff ff ff ff ff ff ff 00 00 01 00 02 00 02 00 01 00 01 00 01 00 01 00 01 00 01 00 00 00 00 00 00 00 00 00 00 00 00 00 00 00 01 00 01 00 02 00 02 00 02 00 02 00 02 00 01 00 01 00 00 00 00 00 01 00 01 00 00 00 00 00 01 00 01 00 02 00 02 00 02 00 01 00 02 00 02 00 01 00 01 00 01 00 02 00 02 00 01 00 01 00 01 00 01 00 01 00 01 00 01 00 00 00 01 00 01 00 01 00 01 00 02 00 02 00 02 00 02 00 01 00 01 00 01 00 00 00 00 00 00 00 00 00 00 00 01 00 01 00 01 00 02 00 02 00 02 00 02 00 01 00 01 00 01 00 01 00 01 00 01 00 00 00 01 00 00 00 00 00 00 00 00 00 00 00 01 00 01 00 01 00 01 00 01 00 01 00 01 00 01 00 01 00 01 00 00 00 00 00 00 00 00 00 00 00 00 00 01 00 01 00 01 00 01 00 01 00 01 00 00 00 01 00 00 00 01 00 00 00 00 00 00 00 00 00 01 00 01 00 01 00 01 00 01 00 01 00 00 00 01 00 01 00 01 00 00 00 00 00 00 00 01 00 01 00 00 00 00 00 00 00 00 00 00 00 00 00 00 00 00 00 00 00 00 00 00 00 00 00 00 00 01 00 01 00 

[2025-02-21 03:12:47] , ACU_SN:    WTG26050900134 , Crash X ,Data: 00 00 00 00 00 00 00 00 00 00 00 00 00 00 00 00 00 00 00 00 00 00 00 00 00 00 00 00 00 00 00 00 00 00 00 00 00 00 01 00 01 00 02 00 07 00 17 00 07 00 1f 00 f2 ff e1 ff ec ff fb ff 0a 00 f2 ff ec ff f7 ff 10 00 17 00 11 00 11 00 11 00 ff ff f1 ff f0 ff f9 ff 03 00 03 00 05 00 fc ff 02 00 05 00 00 00 01 00 00 00 ff ff 04 00 00 00 fd ff 00 00 fb ff fd ff 00 00 ff ff 02 00 05 00 02 00 02 00 00 00 ff ff 00 00 02 00 00 00 ff ff 00 00 00 00 ff ff ff ff fd ff fe ff 01 00 01 00 01 00 01 00 02 00 02 00 02 00 01 00 ff ff ff ff ff ff 00 00 ff ff fe ff fe ff fe ff 00 00 02 00 03 00 02 00 02 00 01 00 01 00 00 00 01 00 01 00 00 00 ff ff ff ff ff ff 00 00 00 00 ff ff fe ff ff ff ff ff 01 00 01 00 02 00 01 00 00 00 00 00 01 00 02 00 01 00 01 00 00 00 ff ff ff ff ff ff 01 00 00 00 ff ff ff ff 00 00 01 00 01 00 01 00 01 00 00 00 01 00 01 00 01 00 01 00 00 00 00 00 00 00 00 00 00 00 00 00 00 00 ff ff ff ff ff ff 00 00 01 00 01 00 01 00 01 00 01 00 01 00 fe ff fe ff 06 00 05 00 fa ff e7 ff e9 ff ef ff ff ff 0e 00 10 00 13 00 0c 00 fd ff f9 ff f3 ff f5 ff 04 00 05 00 02 00 09 00 0d 00 0e 00 0c 00 03 00 03 00 fe ff f8 ff f8 ff f5 ff f0 ff f3 ff fa ff fd ff ff ff fb ff 00 00 09 00 09 00 08 00 07 00 02 00 00 00 01 00 fd ff fe ff ff ff ff ff ff ff fe ff ff ff 02 00 03 00 04 00 01 00 00 00 01 00 00 00 fe ff ff ff ff ff fe ff fd ff fe ff 01 00 01 00 01 00 04 00 03 00 02 00 01 00 00 00 00 00 00 00 00 00 ff ff ff ff ff ff 00 00 ff ff ff ff 01 00 fe ff fd ff fd ff fe ff 00 00 00 00 00 00 00 00 ff ff 00 00 00 00 00 00 01 00 ff ff 00 00 00 00 ff ff ff ff 00 00 00 00 01 00 02 00 02 00 03 00 02 00 03 00 03 00 01 00 01 00 00 00 ff ff ff ff fe ff fe ff 00 00 00 00 00 00 01 00 01 00 01 00 02 00 01 00 02 00 03 00 03 00 01 00 01 00 00 00 ff ff 00 00 ff ff fe ff fd ff fe ff ff ff 00 00 02 00 02 00 02 00 02 00 02 00 01 00 01 00 00 00 ff ff fe ff fe ff ff ff ff ff ff ff 00 00 00 00 01 00 01 00 01 00 01 00 00 00 ff ff ff ff ff ff 00 00 00 00 01 00 00 00 00 00 ff ff 00 00 00 00 00 00 00 00 00 00 00 00 00 00 00 00 01 00 00 00 01 00 01 00 01 00 01 00 00 00 00 00 00 00 00 00 00 00 00 00 00 00 00 00 00 00 00 00 00 00 00 00 00 00 00 00 00 00 00 00 00 00 01 00 01 00 00 00 00 00 00 00 00 00 00 00 00 00 00 00 00 00 00 00 00 00 00 00 00 00 00 00 00 00 00 00 00 00 01 00 00 00 00 00 00 00 00 00 00 00 00 00 00 00 00 00 00 00 00 00 00 00 00 00 00 00 00 00 00 00 00 00 00 00 00 00 00 00 00 00 00 00 00 00 00 00 00 00 00 00 00 00 00 00 00 00 00 00 00 00 00 00 01 00 01 00 01 00 00 00 01 00 00 00 00 00 00 00 00 00 00 00 00 00 00 00 00 00 00 00 00 00 00 00 00 00 00 00 00 00 00 00 00 00 00 00 00 00 00 00 00 00 00 00 00 00 00 00 00 00 00 00 00 00 00 00 00 00 00 00 00 00 00 00 00 00 00 00 00 00 00 00 00 00 00 00 00 00 00 00 00 00 00 00 00 00 00 00 00 00 00 00 00 00 00 00 00 00 00 00 00 00 01 00 01 00 00 00 00 00 00 00 00 00 00 00 00 00 00 00 00 00 00 00 00 00 00 00 00 00 00 00 00 00 00 00 00 00 00 00 00 00 00 00 00 00 00 00 00 00 00 00 00 00 00 00 00 00 00 00 00 00 00 00 00 00 00 00 00 00 00 00 00 00 00 00 00 00 

[2025-02-21 03:12:49] , ACU_SN:    WTG26050900134 , Crash Y ,Data: 00 00 00 00 00 00 00 00 00 00 00 00 00 00 00 00 00 00 00 00 00 00 00 00 00 00 00 00 00 00 00 00 00 00 00 00 fa ff e9 ff c7 ff 83 ff 08 ff fc fd 2c fd 27 fe 4f ff a2 ff a7 ff f7 ff 3c 00 63 00 2c 00 e7 ff bd ff c8 ff e5 ff e0 ff dc ff e6 ff f5 ff fd ff 0a 00 17 00 17 00 11 00 16 00 0e 00 02 00 01 00 fa ff fa ff 07 00 04 00 04 00 04 00 02 00 0c 00 0d 00 09 00 09 00 00 00 fa ff ff ff fc ff fc ff 00 00 fc ff fe ff 05 00 0b 00 10 00 10 00 0f 00 0e 00 09 00 07 00 03 00 fd ff fb ff f8 ff f7 ff f7 ff f8 ff fd ff 03 00 08 00 0b 00 0b 00 0c 00 0e 00 0d 00 0a 00 06 00 01 00 fe ff fd ff fd ff fc ff fb ff fc ff fe ff 00 00 02 00 05 00 07 00 08 00 08 00 07 00 07 00 08 00 07 00 05 00 02 00 ff ff fe ff fe ff fe ff fe ff ff ff ff ff 01 00 04 00 08 00 09 00 09 00 08 00 06 00 06 00 06 00 05 00 03 00 00 00 ff ff ff ff 00 00 01 00 01 00 01 00 02 00 03 00 05 00 06 00 06 00 07 00 06 00 05 00 04 00 04 00 03 00 02 00 01 00 01 00 00 00 01 00 01 00 02 00 0c 00 43 00 a5 00 24 01 a8 01 e7 01 d6 01 93 01 42 01 ef 00 a0 00 58 00 10 00 de ff e3 ff ff ff 1e 00 32 00 26 00 19 00 18 00 15 00 09 00 01 00 fb ff fa ff fc ff fe ff ff ff f8 ff f0 ff fc ff f5 ff ec ff e2 ff d5 ff d6 ff d7 ff e1 ff eb ff f3 ff 02 00 10 00 1a 00 21 00 22 00 1e 00 13 00 0a 00 01 00 f5 ff f1 ff e8 ff dc ff dd ff df ff e7 ff f1 ff fa ff 03 00 0b 00 13 00 19 00 17 00 13 00 0c 00 04 00 00 00 00 00 f8 ff f3 ff ef ff f0 ff f3 ff f5 ff f9 ff fb ff 00 00 05 00 09 00 0b 00 0c 00 0b 00 0a 00 07 00 03 00 02 00 fe ff f9 ff f7 ff f5 ff f5 ff f7 ff f8 ff fa ff fd ff 02 00 07 00 08 00 0a 00 0b 00 08 00 06 00 05 00 01 00 fe ff fb ff f8 ff f6 ff f6 ff f8 ff fa ff fb ff fe ff ff ff 00 00 00 00 fe ff f9 ff f4 ff ec ff e3 ff d9 ff cc ff be ff af ff a0 ff 96 ff 95 ff 9f ff ae ff c2 ff d2 ff e0 ff ed ff f3 ff f5 ff f2 ff ef ff ed ff eb ff eb ff ed ff ef ff f2 ff f6 ff fa ff ff ff 01 00 04 00 05 00 05 00 04 00 04 00 02 00 01 00 00 00 00 00 ff ff ff ff ff ff 00 00 00 00 ff ff ff ff 00 00 01 00 01 00 01 00 02 00 02 00 03 00 03 00 03 00 02 00 01 00 01 00 00 00 ff ff fe ff fe ff fe ff ff ff ff ff 00 00 02 00 02 00 02 00 03 00 03 00 03 00 02 00 02 00 01 00 00 00 00 00 00 00 00 00 ff ff ff ff ff ff 00 00 01 00 01 00 02 00 02 00 02 00 02 00 02 00 02 00 02 00 01 00 01 00 00 00 00 00 00 00 00 00 00 00 01 00 01 00 02 00 02 00 03 00 03 00 02 00 02 00 02 00 02 00 02 00 01 00 01 00 01 00 01 00 01 00 01 00 01 00 02 00 02 00 02 00 02 00 02 00 02 00 02 00 02 00 02 00 02 00 02 00 02 00 01 00 01 00 00 00 00 00 00 00 00 00 00 00 01 00 01 00 02 00 02 00 03 00 02 00 02 00 02 00 02 00 02 00 01 00 01 00 00 00 00 00 01 00 01 00 01 00 01 00 01 00 01 00 01 00 01 00 02 00 02 00 02 00 02 00 01 00 01 00 01 00 01 00 01 00 01 00 01 00 01 00 01 00 01 00 01 00 01 00 01 00 01 00 02 00 01 00 02 00 02 00 02 00 01 00 01 00 01 00 01 00 01 00 00 00 00 00 01 00 01 00 01 00 02 00 01 00 01 00 01 00 01 00 02 00 01 00 01 00 01 00 01 00 01 00 01 00 00 00 01 00 00 00 01 00 01 00 00 00 01 00 01 00 01 00 01 00 02 00 01 00 01 00 01 00 01 00 01 00 01 00 01 00 01 00 01 00 01 00 

[2025-02-21 03:14:06] , ACU_SN:    WTG26050900134 , Crash X ,Data: 00 00 00 00 00 00 00 00 00 00 00 00 00 00 01 00 01 00 01 00 01 00 00 00 00 00 00 00 00 00 00 00 00 00 00 00 00 00 00 00 00 00 01 00 05 00 0d 00 03 00 1f 00 01 00 e5 ff ed ff f4 ff 07 00 fa ff ea ff e9 ff 04 00 15 00 15 00 0d 00 0e 00 08 00 f9 ff f1 ff f5 ff 02 00 05 00 08 00 ff ff 00 00 06 00 03 00 ff ff fe ff 01 00 03 00 03 00 ff ff 00 00 00 00 fe ff ff ff ff ff 01 00 04 00 02 00 02 00 00 00 fe ff 00 00 01 00 02 00 ff ff 00 00 01 00 00 00 00 00 ff ff fd ff ff ff 00 00 01 00 01 00 02 00 02 00 03 00 02 00 00 00 ff ff 00 00 00 00 00 00 ff ff fe ff fe ff ff ff 01 00 02 00 02 00 02 00 01 00 01 00 00 00 00 00 00 00 00 00 00 00 00 00 00 00 00 00 01 00 00 00 ff ff ff ff ff ff 00 00 01 00 01 00 01 00 00 00 00 00 01 00 02 00 01 00 01 00 00 00 ff ff fe ff ff ff ff ff 00 00 ff ff ff ff ff ff 00 00 01 00 02 00 02 00 01 00 00 00 01 00 01 00 01 00 01 00 01 00 00 00 00 00 00 00 00 00 00 00 00 00 00 00 00 00 00 00 00 00 00 00 00 00 00 00 00 00 00 00 00 00 01 00 01 00 fd ff fc ff 05 00 07 00 fe ff ee ff e8 ff ef ff fe ff 09 00 11 00 0e 00 0b 00 ff ff fb ff fa ff f4 ff 02 00 04 00 04 00 08 00 0b 00 09 00 0a 00 05 00 03 00 03 00 fc ff fc ff f8 ff f2 ff f3 ff f9 ff fc ff fe ff fd ff fc ff 07 00 06 00 08 00 08 00 04 00 02 00 03 00 ff ff fe ff fe ff fe ff ff ff fd ff fe ff 01 00 03 00 04 00 02 00 00 00 02 00 01 00 00 00 00 00 ff ff ff ff ff ff ff ff 00 00 00 00 ff ff 01 00 02 00 02 00 01 00 01 00 01 00 01 00 00 00 ff ff ff ff ff ff ff ff ff ff ff ff 01 00 ff ff fe ff fe ff fe ff ff ff 00 00 00 00 ff ff ff ff 00 00 00 00 ff ff 00 00 00 00 00 00 00 00 00 00 ff ff 00 00 00 00 00 00 01 00 01 00 02 00 02 00 03 00 03 00 02 00 02 00 01 00 ff ff 00 00 00 00 ff ff ff ff ff ff 00 00 01 00 00 00 00 00 01 00 01 00 01 00 02 00 03 00 03 00 01 00 01 00 00 00 ff ff ff ff fe ff fd ff fd ff fe ff ff ff 01 00 02 00 02 00 02 00 01 00 01 00 01 00 00 00 00 00 ff ff ff ff ff ff ff ff ff ff 00 00 00 00 00 00 00 00 01 00 01 00 01 00 00 00 01 00 01 00 00 00 00 00 00 00 00 00 00 00 ff ff 00 00 00 00 00 00 00 00 00 00 00 00 00 00 00 00 ff ff ff ff ff ff 00 00 00 00 01 00 00 00 00 00 00 00 00 00 00 00 00 00 00 00 00 00 00 00 00 00 00 00 00 00 00 00 00 00 00 00 00 00 00 00 00 00 01 00 00 00 00 00 00 00 00 00 00 00 00 00 00 00 00 00 00 00 00 00 00 00 00 00 00 00 00 00 00 00 00 00 00 00 01 00 01 00 00 00 00 00 00 00 00 00 00 00 00 00 00 00 00 00 00 00 00 00 00 00 00 00 00 00 00 00 00 00 00 00 01 00 00 00 00 00 00 00 00 00 00 00 00 00 00 00 00 00 01 00 01 00 00 00 00 00 00 00 00 00 00 00 00 00 00 00 01 00 00 00 00 00 00 00 ff ff ff ff ff ff 00 00 00 00 00 00 00 00 01 00 01 00 00 00 00 00 00 00 00 00 01 00 00 00 00 00 00 00 00 00 00 00 00 00 00 00 00 00 00 00 00 00 00 00 00 00 00 00 00 00 00 00 00 00 00 00 00 00 00 00 00 00 00 00 00 00 00 00 00 00 00 00 00 00 00 00 00 00 01 00 01 00 01 00 01 00 00 00 00 00 00 00 00 00 00 00 00 00 00 00 00 00 00 00 00 00 00 00 00 00 00 00 00 00 00 00 00 00 00 00 00 00 00 00 01 00 01 00 00 00 00 00 00 00 01 00 00 00 00 00 00 00 00 00 00 00 00 00 00 00 00 00 00 00 00 00 

[2025-02-21 03:14:08] , ACU_SN:    WTG26050900134 , Crash Y ,Data: 00 00 00 00 00 00 00 00 00 00 00 00 00 00 00 00 00 00 00 00 00 00 00 00 00 00 00 00 00 00 00 00 00 00 00 00 fe ff f0 ff d6 ff a1 ff 3d ff 83 fe 1e fd c6 fd e6 fe 8e ff 9c ff d6 ff 1b 00 5f 00 3d 00 fb ff c8 ff c3 ff e1 ff e5 ff dd ff df ff ed ff f9 ff 02 00 0c 00 13 00 0e 00 13 00 14 00 0b 00 07 00 00 00 01 00 05 00 08 00 09 00 00 00 00 00 06 00 07 00 09 00 05 00 00 00 00 00 00 00 01 00 fe ff 00 00 00 00 ff ff 04 00 0a 00 0d 00 0f 00 0e 00 0d 00 0b 00 09 00 05 00 01 00 fe ff fb ff f8 ff f7 ff f8 ff fa ff 00 00 06 00 09 00 0b 00 0c 00 0d 00 0f 00 0c 00 08 00 03 00 ff ff fe ff fd ff fc ff fb ff fc ff fc ff ff ff 01 00 04 00 06 00 07 00 08 00 08 00 07 00 07 00 07 00 05 00 03 00 00 00 fe ff fe ff fe ff fe ff fe ff ff ff 00 00 03 00 06 00 08 00 08 00 08 00 07 00 07 00 07 00 06 00 05 00 02 00 ff ff ff ff ff ff 00 00 01 00 00 00 01 00 02 00 04 00 06 00 06 00 07 00 06 00 05 00 05 00 04 00 03 00 02 00 01 00 00 00 ff ff 00 00 01 00 01 00 02 00 02 00 03 00 0a 00 3b 00 96 00 0c 01 99 01 da 01 d4 01 98 01 48 01 f1 00 a9 00 68 00 25 00 ed ff e4 ff f8 ff 14 00 29 00 23 00 18 00 16 00 19 00 15 00 0b 00 06 00 03 00 ff ff fd ff fa ff f5 ff ed ff f2 ff f4 ff e9 ff e3 ff dd ff d6 ff d9 ff de ff e8 ff f3 ff fe ff 09 00 15 00 1c 00 1f 00 1e 00 16 00 0d 00 07 00 fc ff f5 ff ef ff e2 ff dd ff de ff e1 ff ec ff f4 ff fd ff 04 00 0c 00 13 00 16 00 14 00 00 00 01 00 00 00 fe ff fa ff f5 ff f1 ff ee ff f0 ff f2 ff f4 ff f9 ff fc ff 01 00 07 00 0b 00 0c 00 0b 00 0a 00 08 00 05 00 03 00 00 00 fb ff f8 ff f5 ff f3 ff f4 ff f6 ff f8 ff fb ff 00 00 06 00 08 00 0a 00 0c 00 0a 00 07 00 06 00 02 00 ff ff fc ff f8 ff f6 ff f6 ff f7 ff f8 ff f8 ff fb ff fd ff fe ff 00 00 fe ff fc ff f9 ff f2 ff ea ff e1 ff d5 ff c7 ff b9 ff aa ff 9c ff 94 ff 96 ff a2 ff b5 ff c8 ff d9 ff e6 ff ef ff f3 ff f3 ff f1 ff ee ff eb ff eb ff ed ff ef ff f3 ff f6 ff f9 ff fe ff ff ff 01 00 02 00 02 00 03 00 02 00 01 00 01 00 00 00 01 00 00 00 00 00 00 00 00 00 00 00 00 00 00 00 01 00 01 00 01 00 01 00 01 00 01 00 02 00 02 00 02 00 02 00 02 00 02 00 02 00 01 00 00 00 00 00 ff ff ff ff ff ff ff ff ff ff 00 00 00 00 01 00 02 00 02 00 02 00 02 00 01 00 01 00 00 00 00 00 00 00 00 00 ff ff 00 00 00 00 00 00 01 00 01 00 02 00 02 00 02 00 02 00 01 00 01 00 01 00 00 00 00 00 00 00 00 00 01 00 00 00 00 00 00 00 00 00 01 00 02 00 03 00 02 00 02 00 02 00 01 00 02 00 02 00 02 00 02 00 01 00 02 00 02 00 02 00 01 00 01 00 01 00 02 00 02 00 02 00 02 00 02 00 02 00 02 00 01 00 01 00 01 00 01 00 01 00 00 00 00 00 00 00 00 00 01 00 01 00 01 00 01 00 02 00 02 00 02 00 02 00 02 00 01 00 01 00 01 00 01 00 00 00 00 00 01 00 01 00 01 00 01 00 00 00 01 00 01 00 01 00 01 00 01 00 02 00 01 00 01 00 02 00 01 00 01 00 01 00 00 00 00 00 00 00 00 00 01 00 01 00 01 00 01 00 02 00 02 00 02 00 01 00 01 00 01 00 01 00 00 00 00 00 00 00 00 00 00 00 00 00 01 00 01 00 01 00 01 00 01 00 01 00 01 00 01 00 01 00 01 00 01 00 01 00 01 00 01 00 01 00 01 00 00 00 00 00 00 00 00 00 00 00 01 00 01 00 01 00 01 00 02 00 02 00 02 00 02 00 01 00 01 00 01 00 

[2025-02-21 04:01:22] , ACU_SN:    WTG26050900134 , Crash X ,Data: 01 00 00 00 00 00 01 00 01 00 01 00 00 00 00 00 00 00 00 00 00 00 00 00 00 00 00 00 00 00 00 00 00 00 00 00 00 00 00 00 01 00 01 00 04 00 0c 00 10 00 0f 00 17 00 f1 ff e6 ff f1 ff ff ff 05 00 fc ff eb ff f7 ff 0c 00 0f 00 0b 00 0e 00 12 00 02 00 f7 ff f8 ff fc ff 05 00 05 00 02 00 ff ff 00 00 00 00 ff ff fd ff fe ff 01 00 02 00 01 00 01 00 01 00 ff ff fe ff fd ff 00 00 02 00 00 00 00 00 00 00 ff ff ff ff 00 00 01 00 01 00 01 00 02 00 02 00 01 00 01 00 fe ff fe ff 00 00 00 00 00 00 01 00 02 00 02 00 02 00 01 00 00 00 00 00 00 00 00 00 00 00 ff ff fe ff ff ff 00 00 01 00 01 00 01 00 00 00 00 00 00 00 00 00 01 00 01 00 01 00 00 00 00 00 00 00 00 00 00 00 00 00 ff ff ff ff 00 00 01 00 01 00 00 00 00 00 01 00 01 00 01 00 02 00 02 00 01 00 00 00 00 00 00 00 00 00 01 00 00 00 00 00 00 00 00 00 01 00 01 00 01 00 00 00 00 00 01 00 01 00 01 00 00 00 ff ff ff ff ff ff 00 00 00 00 00 00 00 00 00 00 00 00 00 00 00 00 00 00 00 00 00 00 00 00 00 00 00 00 00 00 00 00 ff ff ff ff ff ff 00 00 00 00 00 00 00 00 fe ff fd ff 09 00 08 00 f8 ff e5 ff e9 ff f4 ff 00 00 0a 00 13 00 12 00 06 00 fd ff fa ff f2 ff f9 ff 04 00 04 00 07 00 07 00 0c 00 10 00 0c 00 07 00 03 00 fa ff f8 ff fb ff f7 ff f0 ff f5 ff fa ff fd ff 00 00 ff ff 01 00 04 00 07 00 07 00 07 00 04 00 00 00 02 00 fe ff fd ff 01 00 ff ff ff ff fe ff ff ff 03 00 03 00 03 00 03 00 01 00 02 00 02 00 ff ff 00 00 00 00 ff ff ff ff fe ff 01 00 01 00 00 00 03 00 02 00 01 00 01 00 02 00 02 00 01 00 01 00 00 00 ff ff ff ff ff ff ff ff 00 00 00 00 00 00 00 00 fe ff fe ff ff ff 00 00 00 00 ff ff 00 00 00 00 00 00 00 00 00 00 00 00 00 00 00 00 00 00 01 00 02 00 01 00 02 00 02 00 02 00 02 00 02 00 03 00 03 00 01 00 00 00 00 00 ff ff ff ff fe ff fe ff ff ff ff ff 01 00 01 00 00 00 03 00 03 00 02 00 02 00 03 00 02 00 01 00 01 00 01 00 ff ff ff ff 00 00 fe ff fd ff fd ff fe ff 00 00 01 00 02 00 03 00 02 00 01 00 01 00 01 00 00 00 ff ff ff ff ff ff ff ff ff ff 00 00 00 00 00 00 00 00 00 00 00 00 01 00 00 00 00 00 00 00 00 00 00 00 00 00 00 00 00 00 ff ff ff ff ff ff 00 00 00 00 00 00 00 00 01 00 00 00 00 00 00 00 01 00 01 00 01 00 01 00 01 00 00 00 00 00 00 00 00 00 00 00 00 00 00 00 ff ff 00 00 01 00 01 00 01 00 01 00 01 00 01 00 01 00 01 00 02 00 01 00 01 00 00 00 00 00 00 00 00 00 00 00 01 00 01 00 00 00 00 00 01 00 00 00 00 00 00 00 00 00 00 00 01 00 01 00 00 00 00 00 00 00 00 00 00 00 00 00 00 00 00 00 00 00 ff ff ff ff 00 00 01 00 01 00 01 00 01 00 01 00 01 00 00 00 01 00 01 00 00 00 00 00 00 00 00 00 00 00 00 00 00 00 00 00 00 00 00 00 00 00 00 00 00 00 00 00 00 00 01 00 01 00 00 00 00 00 00 00 00 00 00 00 01 00 01 00 00 00 01 00 01 00 01 00 01 00 01 00 01 00 01 00 01 00 00 00 00 00 00 00 00 00 00 00 00 00 00 00 00 00 00 00 00 00 00 00 00 00 00 00 00 00 00 00 00 00 00 00 00 00 00 00 00 00 00 00 00 00 00 00 00 00 00 00 00 00 00 00 00 00 00 00 00 00 00 00 00 00 00 00 00 00 00 00 00 00 00 00 00 00 00 00 01 00 00 00 00 00 00 00 00 00 00 00 00 00 00 00 00 00 00 00 00 00 00 00 01 00 00 00 00 00 01 00 00 00 00 00 00 00 00 00 

[2025-02-21 04:01:23] , ACU_SN:    WTG26050900134 , Crash Y ,Data: 00 00 00 00 00 00 00 00 00 00 00 00 00 00 00 00 00 00 00 00 00 00 00 00 ff ff ff ff 00 00 00 00 00 00 00 00 ff ff f3 ff dd ff b2 ff 62 ff cd fe ac fd 9d fd 75 fe 5c ff 9c ff af ff fb ff 3e 00 4e 00 19 00 ef ff d9 ff e4 ff f2 ff ea ff dc ff de ff e4 ff ea ff f8 ff 02 00 0b 00 15 00 1c 00 1d 00 16 00 11 00 0f 00 0e 00 0a 00 01 00 fa ff f3 ff f5 ff f8 ff fa ff fc ff fe ff 00 00 00 00 04 00 07 00 08 00 06 00 01 00 02 00 05 00 05 00 06 00 08 00 07 00 07 00 08 00 07 00 04 00 01 00 ff ff fc ff f9 ff f8 ff f9 ff fc ff 00 00 04 00 07 00 0a 00 0d 00 0e 00 0e 00 0b 00 07 00 03 00 00 00 ff ff fe ff fc ff fc ff fc ff fd ff 00 00 03 00 05 00 07 00 07 00 08 00 08 00 08 00 07 00 06 00 04 00 02 00 00 00 00 00 00 00 ff ff ff ff fe ff ff ff 01 00 03 00 05 00 06 00 06 00 06 00 07 00 07 00 07 00 05 00 02 00 00 00 ff ff ff ff ff ff 00 00 00 00 00 00 01 00 03 00 06 00 07 00 07 00 07 00 06 00 05 00 05 00 04 00 03 00 02 00 00 00 ff ff 00 00 01 00 02 00 03 00 03 00 04 00 05 00 06 00 06 00 05 00 05 00 04 00 03 00 11 00 4d 00 b4 00 30 01 b2 01 e2 01 d2 01 7c 01 2e 01 e1 00 9e 00 5c 00 0c 00 e2 ff ef ff 06 00 27 00 31 00 21 00 11 00 10 00 13 00 07 00 f9 ff fb ff fd ff fa ff 00 00 fe ff f6 ff f4 ff fa ff f4 ff eb ff e0 ff d8 ff d7 ff da ff e2 ff e9 ff f4 ff 03 00 0e 00 1a 00 20 00 1e 00 19 00 11 00 09 00 00 00 f7 ff ef ff e8 ff de ff dc ff df ff e6 ff ef ff f9 ff 01 00 07 00 11 00 15 00 18 00 14 00 00 00 ff ff fe ff fc ff f6 ff f1 ff eb ff e9 ff eb ff ef ff f5 ff fb ff 01 00 07 00 0d 00 10 00 0f 00 0c 00 0a 00 06 00 01 00 fd ff f8 ff f5 ff f2 ff f1 ff f2 ff f4 ff f9 ff fd ff 00 00 05 00 09 00 0b 00 0b 00 0a 00 06 00 04 00 02 00 fe ff fb ff f8 ff f6 ff f6 ff f7 ff f7 ff f9 ff fb ff fd ff fe ff ff ff ff ff fd ff f9 ff f4 ff ed ff e5 ff db ff d0 ff c2 ff b4 ff a7 ff 99 ff 93 ff 98 ff a8 ff bb ff cd ff dd ff e9 ff f2 ff f5 ff f4 ff f1 ff ec ff eb ff ec ff ed ff ef ff f2 ff f5 ff fa ff fd ff 00 00 02 00 03 00 03 00 04 00 03 00 02 00 02 00 00 00 02 00 02 00 02 00 01 00 01 00 01 00 00 00 ff ff 00 00 00 00 01 00 00 00 01 00 03 00 04 00 04 00 04 00 03 00 02 00 01 00 00 00 fe ff fd ff fd ff fe ff fe ff ff ff 00 00 02 00 03 00 03 00 03 00 03 00 04 00 03 00 02 00 01 00 ff ff ff ff fe ff fe ff fe ff fe ff ff ff 00 00 01 00 02 00 02 00 02 00 02 00 02 00 02 00 01 00 00 00 00 00 00 00 ff ff ff ff ff ff 00 00 00 00 00 00 01 00 01 00 01 00 02 00 02 00 02 00 02 00 01 00 01 00 01 00 01 00 01 00 00 00 00 00 00 00 00 00 01 00 01 00 01 00 02 00 02 00 02 00 02 00 02 00 02 00 02 00 02 00 01 00 01 00 01 00 00 00 00 00 00 00 00 00 00 00 01 00 01 00 01 00 01 00 02 00 02 00 02 00 02 00 02 00 01 00 01 00 00 00 00 00 00 00 00 00 00 00 00 00 00 00 00 00 00 00 01 00 01 00 01 00 01 00 02 00 02 00 01 00 01 00 00 00 00 00 00 00 00 00 00 00 00 00 00 00 00 00 00 00 00 00 01 00 01 00 01 00 01 00 01 00 01 00 02 00 01 00 01 00 01 00 01 00 01 00 00 00 00 00 01 00 01 00 01 00 01 00 01 00 01 00 01 00 00 00 00 00 01 00 00 00 00 00 01 00 01 00 01 00 01 00 01 00 01 00 00 00 00 00 00 00 00 00 00 00 00 00 01 00 01 00 01 00 

[2025-02-21 04:03:14] , ACU_SN:    WTG26050900134 , Crash X ,Data: 00 00 00 00 00 00 00 00 00 00 00 00 00 00 00 00 00 00 00 00 00 00 00 00 00 00 00 00 00 00 00 00 00 00 00 00 00 00 00 00 00 00 00 00 00 00 00 00 00 00 00 00 00 00 00 00 00 00 00 00 00 00 00 00 00 00 00 00 00 00 00 00 00 00 00 00 00 00 00 00 00 00 00 00 00 00 01 00 00 00 00 00 00 00 00 00 00 00 00 00 00 00 00 00 00 00 00 00 00 00 00 00 00 00 00 00 00 00 00 00 00 00 00 00 00 00 00 00 00 00 00 00 00 00 00 00 00 00 00 00 00 00 00 00 00 00 00 00 00 00 00 00 00 00 00 00 00 00 00 00 00 00 00 00 00 00 00 00 00 00 00 00 00 00 00 00 00 00 00 00 00 00 00 00 00 00 00 00 00 00 00 00 00 00 00 00 00 00 00 00 00 00 00 00 00 00 00 00 00 00 00 00 00 00 00 00 00 00 00 00 00 00 00 00 00 00 00 00 00 00 00 00 00 00 00 00 00 00 00 00 00 00 00 00 00 00 00 00 00 00 00 00 00 00 01 00 00 00 00 00 00 00 00 00 00 00 00 00 00 00 00 00 00 00 00 00 00 00 00 00 00 00 00 00 00 00 00 00 00 00 00 00 00 00 00 00 00 00 00 00 00 00 00 00 00 00 00 00 00 00 00 00 00 00 00 00 00 00 00 00 00 00 00 00 00 00 00 00 00 00 00 00 00 00 00 00 00 00 00 00 00 00 00 00 00 00 00 00 00 00 00 00 00 00 00 00 01 00 00 00 00 00 00 00 00 00 00 00 00 00 00 00 00 00 00 00 00 00 00 00 00 00 00 00 00 00 00 00 00 00 00 00 00 00 00 00 00 00 00 00 00 00 00 00 00 00 00 00 00 00 00 00 00 00 00 00 00 00 00 00 00 00 00 00 00 00 00 00 00 00 00 00 00 00 00 00 00 00 00 00 00 00 00 00 00 00 00 00 00 00 00 00 00 00 00 00 00 00 00 00 00 00 00 00 00 00 00 00 00 00 00 00 00 00 00 00 00 00 00 00 00 00 00 00 00 00 00 00 00 00 00 00 00 00 01 00 00 00 00 00 00 00 00 00 00 00 00 00 00 00 00 00 00 00 00 00 00 00 00 00 00 00 00 00 00 00 00 00 00 00 00 00 00 00 00 00 00 00 00 00 00 00 00 00 00 00 00 00 00 00 00 00 00 00 00 00 00 00 00 00 00 00 00 00 00 00 00 00 00 00 00 00 00 00 00 00 00 00 00 00 00 00 00 00 00 00 00 00 00 00 00 00 00 00 00 00 00 00 00 00 00 00 00 00 00 00 00 00 00 00 00 00 00 00 00 00 00 00 00 00 00 00 00 00 00 00 00 00 00 00 00 00 00 00 00 00 00 00 00 00 00 00 00 00 00 00 00 00 00 00 00 00 00 00 00 00 00 00 ff ff 00 00 ff ff 00 00 00 00 00 00 00 00 00 00 00 00 00 00 00 00 00 00 00 00 00 00 00 00 00 00 00 00 00 00 00 00 00 00 00 00 00 00 00 00 00 00 00 00 00 00 00 00 00 00 00 00 00 00 00 00 00 00 00 00 00 00 00 00 00 00 00 00 00 00 00 00 00 00 00 00 00 00 00 00 00 00 00 00 00 00 00 00 00 00 00 00 00 00 00 00 00 00 00 00 00 00 00 00 00 00 00 00 00 00 00 00 00 00 00 00 00 00 00 00 00 00 00 00 00 00 00 00 00 00 00 00 00 00 00 00 00 00 00 00 00 00 00 00 00 00 00 00 00 00 00 00 00 00 00 00 00 00 00 00 00 00 00 00 00 00 00 00 00 00 00 00 00 00 00 00 00 00 00 00 00 00 00 00 00 00 00 00 00 00 00 00 00 00 00 00 00 00 00 00 00 00 00 00 00 00 00 00 00 00 00 00 00 00 00 00 00 00 00 00 00 00 00 00 00 00 00 00 00 00 00 00 00 00 00 00 00 00 00 00 00 00 00 00 00 00 00 00 00 00 00 00 00 00 00 00 00 00 00 00 00 00 00 00 00 00 00 00 00 00 00 00 00 00 00 00 00 00 00 00 00 00 00 00 00 00 00 00 00 00 00 00 00 00 00 00 00 00 00 00 00 00 00 00 00 00 00 00 00 00 00 00 00 00 00 00 00 00 00 00 00 00 00 00 00 00 00 00 00 00 00 00 00 00 00 00 

[2025-02-21 04:03:15] , ACU_SN:    WTG26050900134 , Crash Y ,Data: 00 00 00 00 00 00 00 00 00 00 00 00 00 00 00 00 00 00 00 00 00 00 00 00 00 00 00 00 00 00 00 00 00 00 00 00 0b 00 19 00 21 00 25 00 28 00 29 00 2a 00 2a 00 2a 00 2b 00 2b 00 2b 00 2b 00 2b 00 2b 00 2b 00 2b 00 2b 00 2b 00 2b 00 2b 00 2b 00 2b 00 2b 00 2b 00 2a 00 2a 00 2b 00 2b 00 2b 00 2b 00 2b 00 2b 00 2b 00 2b 00 2b 00 2b 00 2b 00 2b 00 2b 00 2b 00 2b 00 2b 00 2b 00 2b 00 2b 00 2a 00 2b 00 2b 00 2b 00 2b 00 2b 00 2b 00 2b 00 2b 00 2b 00 2b 00 2b 00 2b 00 2a 00 2a 00 2b 00 2b 00 2a 00 2b 00 2b 00 2b 00 2b 00 2b 00 2b 00 2b 00 2b 00 2b 00 2b 00 2b 00 2b 00 2b 00 2b 00 2b 00 2b 00 2b 00 2b 00 2b 00 2b 00 2b 00 2b 00 2b 00 2b 00 2b 00 2b 00 2b 00 2b 00 2a 00 2b 00 2b 00 2b 00 2b 00 2b 00 2b 00 2b 00 2b 00 2b 00 2b 00 2b 00 2b 00 2b 00 2b 00 2b 00 2b 00 2b 00 2b 00 2b 00 2b 00 2b 00 2b 00 2b 00 2b 00 2b 00 2b 00 2b 00 2b 00 2b 00 2b 00 2b 00 2b 00 2b 00 2a 00 2a 00 2b 00 2b 00 2b 00 2b 00 2b 00 2b 00 2b 00 2b 00 2b 00 2b 00 2b 00 2b 00 2b 00 2a 00 2b 00 2b 00 2b 00 2b 00 2b 00 2b 00 2b 00 2b 00 2b 00 2b 00 2b 00 2b 00 2b 00 2b 00 2b 00 2b 00 2b 00 2b 00 2a 00 2b 00 2b 00 2b 00 2b 00 2b 00 2b 00 2b 00 2b 00 2b 00 2b 00 2b 00 2b 00 2b 00 2b 00 2b 00 2b 00 2b 00 2b 00 2b 00 2b 00 2b 00 2b 00 2b 00 2b 00 2b 00 2b 00 2b 00 2b 00 2b 00 2b 00 2b 00 2b 00 2b 00 2b 00 2b 00 2b 00 2a 00 2b 00 2b 00 2b 00 2b 00 2b 00 2b 00 2b 00 2b 00 2b 00 2b 00 2b 00 2b 00 2b 00 2b 00 2b 00 2b 00 2b 00 2b 00 2b 00 2b 00 2b 00 2b 00 2b 00 2b 00 2b 00 2b 00 2b 00 2b 00 2b 00 2b 00 2b 00 2b 00 2b 00 2b 00 2b 00 2b 00 2b 00 2b 00 2b 00 2b 00 2b 00 2b 00 2b 00 2b 00 2b 00 2b 00 2b 00 2b 00 2b 00 2b 00 2b 00 2b 00 2b 00 2b 00 2b 00 2b 00 2b 00 2b 00 2b 00 2b 00 2b 00 2b 00 2b 00 2b 00 2b 00 2b 00 2b 00 2b 00 2b 00 2b 00 2b 00 2b 00 2b 00 2b 00 2b 00 2b 00 2b 00 2b 00 2b 00 2b 00 2b 00 2b 00 2b 00 2b 00 2b 00 2b 00 2b 00 2b 00 2b 00 2b 00 2b 00 2b 00 2b 00 2b 00 2b 00 2b 00 2b 00 2b 00 2b 00 2b 00 2b 00 2b 00 2b 00 2b 00 2b 00 2b 00 2b 00 2b 00 2b 00 2b 00 2b 00 2b 00 2b 00 2b 00 2b 00 2b 00 2b 00 2b 00 2b 00 2b 00 2b 00 2b 00 2b 00 2b 00 2b 00 2b 00 2b 00 2b 00 2b 00 2b 00 2b 00 2b 00 2b 00 2b 00 2b 00 2b 00 2b 00 2b 00 2b 00 2b 00 2b 00 2b 00 2b 00 2b 00 2b 00 2b 00 2b 00 2b 00 2b 00 2b 00 2b 00 2b 00 2b 00 2b 00 2b 00 2b 00 2b 00 2b 00 2b 00 2b 00 2b 00 2b 00 2b 00 2b 00 2b 00 2b 00 2b 00 2b 00 2b 00 2b 00 2b 00 2b 00 2b 00 2b 00 2b 00 2b 00 2b 00 2b 00 2b 00 2b 00 2b 00 2b 00 2b 00 2b 00 2b 00 2b 00 2b 00 2b 00 2b 00 2b 00 2b 00 2b 00 2b 00 2b 00 2b 00 2b 00 2b 00 2b 00 2b 00 2b 00 2b 00 2b 00 2b 00 2b 00 2b 00 2b 00 2b 00 2b 00 2b 00 2b 00 2b 00 2b 00 2b 00 2b 00 2b 00 2b 00 2b 00 2b 00 2b 00 2b 00 2b 00 2b 00 2b 00 2b 00 2b 00 2b 00 2b 00 2b 00 2b 00 2b 00 2b 00 2b 00 2b 00 2b 00 2b 00 2b 00 2b 00 2b 00 2b 00 2b 00 2b 00 2b 00 2b 00 2b 00 2b 00 2b 00 2b 00 2b 00 2b 00 2b 00 2b 00 2b 00 2b 00 2b 00 2b 00 2b 00 2b 00 2b 00 2b 00 2b 00 2b 00 2b 00 2b 00 2b 00 2b 00 2b 00 2b 00 2b 00 2b 00 2b 00 2b 00 2b 00 2b 00 2b 00 2b 00 2b 00 2b 00 2b 00 2b 00 2b 00 2b 00 2b 00 2b 00 2b 00 

[2025-02-21 04:04:34] , ACU_SN:    WTG26050900134 , Crash X ,Data: 00 00 00 00 00 00 00 00 00 00 00 00 00 00 00 00 00 00 00 00 00 00 00 00 00 00 00 00 00 00 00 00 00 00 00 00 00 00 00 00 00 00 00 00 00 00 00 00 00 00 00 00 00 00 00 00 00 00 00 00 00 00 00 00 00 00 00 00 00 00 00 00 00 00 00 00 00 00 00 00 00 00 00 00 00 00 01 00 00 00 00 00 00 00 00 00 00 00 00 00 00 00 00 00 00 00 00 00 00 00 00 00 00 00 00 00 00 00 00 00 00 00 00 00 00 00 00 00 00 00 00 00 00 00 00 00 00 00 00 00 00 00 00 00 00 00 00 00 00 00 00 00 00 00 00 00 00 00 00 00 00 00 00 00 00 00 00 00 00 00 00 00 00 00 00 00 00 00 00 00 00 00 00 00 00 00 00 00 00 00 00 00 00 00 00 00 00 00 00 00 00 00 00 00 00 00 00 00 00 00 00 00 00 00 00 00 00 00 00 00 00 00 00 00 00 00 00 00 00 00 00 00 00 00 00 00 00 00 00 00 00 00 00 00 00 00 00 00 00 00 00 00 00 00 01 00 00 00 00 00 00 00 00 00 00 00 00 00 00 00 00 00 00 00 00 00 00 00 00 00 00 00 00 00 00 00 00 00 00 00 00 00 00 00 00 00 00 00 00 00 00 00 00 00 00 00 00 00 00 00 00 00 00 00 00 00 00 00 00 00 00 00 00 00 00 00 00 00 00 00 00 00 00 00 00 00 00 00 00 00 00 00 00 00 00 00 00 00 00 00 00 00 00 00 00 00 01 00 00 00 00 00 00 00 00 00 00 00 00 00 00 00 00 00 00 00 00 00 00 00 00 00 00 00 00 00 00 00 00 00 00 00 00 00 00 00 00 00 00 00 00 00 00 00 00 00 00 00 00 00 00 00 00 00 00 00 00 00 00 00 00 00 00 00 00 00 00 00 00 00 00 00 00 00 00 00 00 00 00 00 00 00 00 00 00 00 00 00 00 00 00 00 00 00 00 00 00 00 00 00 00 00 00 00 00 00 00 00 00 00 00 00 00 00 00 00 00 00 00 00 00 00 00 00 00 00 00 00 00 00 00 00 00 00 01 00 00 00 00 00 00 00 00 00 00 00 00 00 00 00 00 00 00 00 00 00 00 00 00 00 00 00 00 00 00 00 00 00 00 00 00 00 00 00 00 00 00 00 00 00 00 00 00 00 00 00 00 00 00 00 00 00 00 00 00 00 00 00 00 00 00 00 00 00 00 00 00 00 00 00 00 00 00 00 00 00 00 00 00 00 00 00 00 00 00 00 00 00 00 00 00 00 00 00 00 00 00 00 00 00 00 00 00 00 00 00 00 00 00 00 00 00 00 00 00 00 00 00 00 00 00 00 00 00 00 00 00 00 00 00 00 00 00 00 00 00 00 00 00 00 00 00 00 00 00 00 00 00 00 00 00 00 00 00 00 00 00 00 ff ff 00 00 ff ff 00 00 00 00 00 00 00 00 00 00 00 00 00 00 00 00 00 00 00 00 00 00 00 00 00 00 00 00 00 00 00 00 00 00 00 00 00 00 00 00 00 00 00 00 00 00 00 00 00 00 00 00 00 00 00 00 00 00 00 00 00 00 00 00 00 00 00 00 00 00 00 00 00 00 00 00 00 00 00 00 00 00 00 00 00 00 00 00 00 00 00 00 00 00 00 00 00 00 00 00 00 00 00 00 00 00 00 00 00 00 00 00 00 00 00 00 00 00 00 00 00 00 00 00 00 00 00 00 00 00 00 00 00 00 00 00 00 00 00 00 00 00 00 00 00 00 00 00 00 00 00 00 00 00 00 00 00 00 00 00 00 00 00 00 00 00 00 00 00 00 00 00 00 00 00 00 00 00 00 00 00 00 00 00 00 00 00 00 00 00 00 00 00 00 00 00 00 00 00 00 00 00 00 00 00 00 00 00 00 00 00 00 00 00 00 00 00 00 00 00 00 00 00 00 00 00 00 00 00 00 00 00 00 00 00 00 00 00 00 00 00 00 00 00 00 00 00 00 00 00 00 00 00 00 00 00 00 00 00 00 00 00 00 00 00 00 00 00 00 00 00 00 00 00 00 00 00 00 00 00 00 00 00 00 00 00 00 00 00 00 00 00 00 00 00 00 00 00 00 00 00 00 00 00 00 00 00 00 00 00 00 00 00 00 00 00 00 00 00 00 00 00 00 00 00 00 00 00 00 00 00 00 00 00 00 00 

[2025-02-21 04:04:35] , ACU_SN:    WTG26050900134 , Crash Y ,Data: 00 00 00 00 00 00 00 00 00 00 00 00 00 00 00 00 00 00 00 00 00 00 00 00 00 00 00 00 00 00 00 00 00 00 00 00 0b 00 19 00 21 00 25 00 28 00 29 00 2a 00 2a 00 2a 00 2b 00 2b 00 2b 00 2b 00 2b 00 2b 00 2b 00 2b 00 2b 00 2b 00 2b 00 2b 00 2b 00 2b 00 2b 00 2b 00 2a 00 2a 00 2b 00 2b 00 2b 00 2b 00 2b 00 2b 00 2b 00 2b 00 2b 00 2b 00 2b 00 2b 00 2b 00 2b 00 2b 00 2b 00 2b 00 2b 00 2b 00 2a 00 2b 00 2b 00 2b 00 2b 00 2b 00 2b 00 2b 00 2b 00 2b 00 2b 00 2b 00 2b 00 2a 00 2a 00 2b 00 2b 00 2a 00 2b 00 2b 00 2b 00 2b 00 2b 00 2b 00 2b 00 2b 00 2b 00 2b 00 2b 00 2b 00 2b 00 2b 00 2b 00 2b 00 2b 00 2b 00 2b 00 2b 00 2b 00 2b 00 2b 00 2b 00 2b 00 2b 00 2b 00 2b 00 2a 00 2b 00 2b 00 2b 00 2b 00 2b 00 2b 00 2b 00 2b 00 2b 00 2b 00 2b 00 2b 00 2b 00 2b 00 2b 00 2b 00 2b 00 2b 00 2b 00 2b 00 2b 00 2b 00 2b 00 2b 00 2b 00 2b 00 2b 00 2b 00 2b 00 2b 00 2b 00 2b 00 2b 00 2a 00 2a 00 2b 00 2b 00 2b 00 2b 00 2b 00 2b 00 2b 00 2b 00 2b 00 2b 00 2b 00 2b 00 2b 00 2a 00 2b 00 2b 00 2b 00 2b 00 2b 00 2b 00 2b 00 2b 00 2b 00 2b 00 2b 00 2b 00 2b 00 2b 00 2b 00 2b 00 2b 00 2b 00 2a 00 2b 00 2b 00 2b 00 2b 00 2b 00 2b 00 2b 00 2b 00 2b 00 2b 00 2b 00 2b 00 2b 00 2b 00 2b 00 2b 00 2b 00 2b 00 2b 00 2b 00 2b 00 2b 00 2b 00 2b 00 2b 00 2b 00 2b 00 2b 00 2b 00 2b 00 2b 00 2b 00 2b 00 2b 00 2b 00 2b 00 2a 00 2b 00 2b 00 2b 00 2b 00 2b 00 2b 00 2b 00 2b 00 2b 00 2b 00 2b 00 2b 00 2b 00 2b 00 2b 00 2b 00 2b 00 2b 00 2b 00 2b 00 2b 00 2b 00 2b 00 2b 00 2b 00 2b 00 2b 00 2b 00 2b 00 2b 00 2b 00 2b 00 2b 00 2b 00 2b 00 2b 00 2b 00 2b 00 2b 00 2b 00 2b 00 2b 00 2b 00 2b 00 2b 00 2b 00 2b 00 2b 00 2b 00 2b 00 2b 00 2b 00 2b 00 2b 00 2b 00 2b 00 2b 00 2b 00 2b 00 2b 00 2b 00 2b 00 2b 00 2b 00 2b 00 2b 00 2b 00 2b 00 2b 00 2b 00 2b 00 2b 00 2b 00 2b 00 2b 00 2b 00 2b 00 2b 00 2b 00 2b 00 2b 00 2b 00 2b 00 2b 00 2b 00 2b 00 2b 00 2b 00 2b 00 2b 00 2b 00 2b 00 2b 00 2b 00 2b 00 2b 00 2b 00 2b 00 2b 00 2b 00 2b 00 2b 00 2b 00 2b 00 2b 00 2b 00 2b 00 2b 00 2b 00 2b 00 2b 00 2b 00 2b 00 2b 00 2b 00 2b 00 2b 00 2b 00 2b 00 2b 00 2b 00 2b 00 2b 00 2b 00 2b 00 2b 00 2b 00 2b 00 2b 00 2b 00 2b 00 2b 00 2b 00 2b 00 2b 00 2b 00 2b 00 2b 00 2b 00 2b 00 2b 00 2b 00 2b 00 2b 00 2b 00 2b 00 2b 00 2b 00 2b 00 2b 00 2b 00 2b 00 2b 00 2b 00 2b 00 2b 00 2b 00 2b 00 2b 00 2b 00 2b 00 2b 00 2b 00 2b 00 2b 00 2b 00 2b 00 2b 00 2b 00 2b 00 2b 00 2b 00 2b 00 2b 00 2b 00 2b 00 2b 00 2b 00 2b 00 2b 00 2b 00 2b 00 2b 00 2b 00 2b 00 2b 00 2b 00 2b 00 2b 00 2b 00 2b 00 2b 00 2b 00 2b 00 2b 00 2b 00 2b 00 2b 00 2b 00 2b 00 2b 00 2b 00 2b 00 2b 00 2b 00 2b 00 2b 00 2b 00 2b 00 2b 00 2b 00 2b 00 2b 00 2b 00 2b 00 2b 00 2b 00 2b 00 2b 00 2b 00 2b 00 2b 00 2b 00 2b 00 2b 00 2b 00 2b 00 2b 00 2b 00 2b 00 2b 00 2b 00 2b 00 2b 00 2b 00 2b 00 2b 00 2b 00 2b 00 2b 00 2b 00 2b 00 2b 00 2b 00 2b 00 2b 00 2b 00 2b 00 2b 00 2b 00 2b 00 2b 00 2b 00 2b 00 2b 00 2b 00 2b 00 2b 00 2b 00 2b 00 2b 00 2b 00 2b 00 2b 00 2b 00 2b 00 2b 00 2b 00 2b 00 2b 00 2b 00 2b 00 2b 00 2b 00 2b 00 2b 00 2b 00 2b 00 2b 00 2b 00 2b 00 2b 00 2b 00 2b 00 

[2025-02-21 04:05:55] , ACU_SN:    WTG26050900134 , Crash X ,Data: 00 00 00 00 00 00 00 00 00 00 00 00 00 00 01 00 01 00 01 00 00 00 00 00 00 00 00 00 00 00 00 00 00 00 00 00 00 00 00 00 01 00 02 00 05 00 0c 00 02 00 17 00 05 00 eb ff ec ff f1 ff 09 00 03 00 ef ff ed ff ff ff 0f 00 12 00 0b 00 0d 00 0b 00 fb ff f5 ff f9 ff fd ff 06 00 04 00 00 00 fe ff 00 00 02 00 fd ff fd ff fe ff 01 00 03 00 02 00 00 00 00 00 00 00 fd ff fe ff 00 00 01 00 01 00 01 00 ff ff fe ff 00 00 00 00 01 00 ff ff 00 00 02 00 01 00 01 00 ff ff fe ff ff ff ff ff ff ff 01 00 01 00 01 00 02 00 01 00 01 00 ff ff ff ff 00 00 00 00 ff ff fe ff fe ff ff ff 00 00 01 00 01 00 01 00 00 00 ff ff ff ff 00 00 01 00 00 00 00 00 ff ff 00 00 00 00 01 00 00 00 ff ff ff ff ff ff 00 00 02 00 02 00 01 00 00 00 01 00 01 00 01 00 01 00 00 00 00 00 ff ff fe ff ff ff 00 00 00 00 00 00 00 00 00 00 01 00 01 00 02 00 01 00 01 00 00 00 00 00 00 00 00 00 00 00 00 00 00 00 00 00 00 00 00 00 00 00 00 00 00 00 00 00 00 00 01 00 01 00 01 00 00 00 00 00 00 00 00 00 00 00 00 00 ff ff ff ff ff ff 00 00 00 00 fe ff fd ff 01 00 08 00 03 00 ee ff e7 ff ec ff f7 ff 01 00 10 00 15 00 0e 00 03 00 f8 ff f7 ff f7 ff fd ff 06 00 03 00 04 00 0b 00 11 00 09 00 09 00 07 00 fe ff fe ff f8 ff fc ff f7 ff f0 ff f9 ff fb ff fd ff fd ff fc ff 02 00 06 00 04 00 05 00 06 00 02 00 01 00 04 00 ff ff 00 00 02 00 ff ff ff ff fd ff ff ff 01 00 01 00 02 00 01 00 01 00 02 00 ff ff fe ff 00 00 ff ff 00 00 ff ff ff ff 00 00 ff ff 00 00 01 00 01 00 02 00 01 00 01 00 01 00 01 00 01 00 fe ff fd ff ff ff fd ff fe ff 00 00 ff ff ff ff ff ff ff ff ff ff 00 00 00 00 00 00 ff ff ff ff ff ff ff ff ff ff fd ff fe ff fe ff fe ff 00 00 01 00 02 00 02 00 02 00 03 00 03 00 03 00 03 00 02 00 02 00 01 00 01 00 00 00 ff ff ff ff ff ff ff ff ff ff 00 00 01 00 01 00 01 00 01 00 02 00 03 00 02 00 01 00 00 00 ff ff 00 00 fe ff ff ff 01 00 ff ff fe ff fe ff 00 00 01 00 01 00 01 00 02 00 02 00 01 00 01 00 01 00 00 00 fe ff fd ff fe ff ff ff ff ff 00 00 ff ff ff ff ff ff 00 00 01 00 01 00 01 00 01 00 01 00 00 00 00 00 00 00 00 00 00 00 00 00 00 00 00 00 00 00 ff ff ff ff 00 00 00 00 00 00 01 00 01 00 02 00 02 00 02 00 01 00 01 00 00 00 00 00 00 00 00 00 00 00 00 00 00 00 00 00 00 00 01 00 01 00 01 00 01 00 01 00 01 00 01 00 01 00 00 00 00 00 00 00 ff ff ff ff 00 00 00 00 00 00 00 00 00 00 01 00 00 00 00 00 01 00 00 00 00 00 00 00 00 00 00 00 00 00 00 00 00 00 00 00 00 00 00 00 00 00 00 00 00 00 00 00 00 00 00 00 00 00 01 00 00 00 00 00 00 00 00 00 00 00 00 00 ff ff 00 00 00 00 00 00 00 00 00 00 00 00 00 00 00 00 00 00 00 00 00 00 00 00 00 00 00 00 00 00 00 00 00 00 00 00 00 00 00 00 00 00 00 00 00 00 00 00 00 00 00 00 00 00 01 00 01 00 01 00 00 00 00 00 00 00 00 00 00 00 00 00 00 00 00 00 00 00 00 00 00 00 00 00 00 00 00 00 00 00 00 00 01 00 01 00 01 00 01 00 00 00 00 00 00 00 00 00 00 00 00 00 00 00 00 00 00 00 00 00 00 00 00 00 00 00 00 00 01 00 01 00 01 00 00 00 00 00 00 00 00 00 00 00 00 00 00 00 00 00 00 00 00 00 00 00 01 00 01 00 01 00 00 00 00 00 00 00 00 00 00 00 00 00 00 00 00 00 00 00 00 00 00 00 00 00 00 00 00 00 

[2025-02-21 04:05:56] , ACU_SN:    WTG26050900134 , Crash Y ,Data: 00 00 00 00 00 00 00 00 00 00 00 00 00 00 00 00 00 00 00 00 00 00 00 00 00 00 00 00 00 00 00 00 00 00 00 00 fd ff ee ff d3 ff a2 ff 48 ff 96 fe 43 fd d8 fd cf fe 7a ff 90 ff cb ff 17 00 4e 00 3d 00 00 00 d9 ff d2 ff ed ff f8 ff e7 ff e1 ff e9 ff f0 ff f5 ff 00 00 06 00 0c 00 14 00 1c 00 17 00 10 00 0f 00 0b 00 0d 00 0a 00 01 00 f7 ff f5 ff fa ff f9 ff ff ff ff ff 00 00 02 00 04 00 06 00 07 00 07 00 05 00 02 00 06 00 08 00 07 00 09 00 08 00 05 00 06 00 04 00 03 00 00 00 fe ff fe ff fb ff fa ff fa ff fc ff 01 00 04 00 07 00 0a 00 0b 00 0c 00 0c 00 0a 00 08 00 04 00 ff ff fe ff fe ff fe ff fd ff fd ff fd ff fe ff 01 00 03 00 05 00 07 00 07 00 07 00 07 00 07 00 06 00 04 00 03 00 00 00 ff ff ff ff fe ff fe ff ff ff ff ff 01 00 03 00 05 00 07 00 07 00 06 00 06 00 05 00 05 00 05 00 03 00 01 00 ff ff ff ff 00 00 01 00 00 00 00 00 01 00 02 00 04 00 06 00 06 00 06 00 05 00 05 00 05 00 04 00 04 00 03 00 01 00 00 00 00 00 00 00 01 00 02 00 02 00 02 00 03 00 05 00 06 00 06 00 06 00 05 00 05 00 22 00 66 00 d1 00 60 01 ca 01 f3 01 b7 01 63 01 15 01 d4 00 85 00 3f 00 01 00 e6 ff f5 ff 13 00 2d 00 2c 00 18 00 11 00 14 00 12 00 08 00 02 00 00 00 fe ff 03 00 ff ff f9 ff f0 ff f0 ff f8 ff ee ff e3 ff dc ff d4 ff db ff de ff e3 ff ef ff fb ff 08 00 14 00 16 00 1a 00 16 00 18 00 0d 00 03 00 fd ff f5 ff f3 ff ec ff e2 ff e1 ff e3 ff ea ff f1 ff fb ff 02 00 08 00 13 00 17 00 00 00 08 00 07 00 02 00 00 00 fb ff f5 ff f0 ff ea ff e9 ff eb ff ef ff f6 ff fc ff 04 00 0b 00 10 00 13 00 11 00 0d 00 09 00 03 00 fe ff f9 ff f3 ff f0 ff f0 ff ef ff f2 ff f6 ff fb ff 01 00 05 00 09 00 0d 00 0c 00 0a 00 08 00 04 00 01 00 fe ff fb ff f9 ff f7 ff f6 ff f7 ff f7 ff f8 ff fa ff fb ff fb ff fb ff f9 ff f6 ff f2 ff eb ff e1 ff d7 ff c8 ff b7 ff a6 ff 97 ff 90 ff 96 ff a5 ff b7 ff c9 ff d9 ff e5 ff ed ff f4 ff f4 ff f1 ff f0 ff ee ff ec ff ec ff ef ff f1 ff f2 ff f5 ff f8 ff fc ff 00 00 03 00 05 00 07 00 07 00 07 00 07 00 00 00 03 00 03 00 02 00 00 00 ff ff ff ff fe ff fd ff fd ff fe ff 00 00 02 00 03 00 05 00 06 00 06 00 07 00 06 00 05 00 03 00 00 00 fe ff fc ff fb ff fa ff fb ff fd ff fe ff 00 00 02 00 05 00 06 00 06 00 05 00 04 00 02 00 01 00 00 00 ff ff fe ff fd ff fd ff fd ff fe ff fe ff 00 00 01 00 02 00 03 00 03 00 04 00 04 00 03 00 02 00 01 00 00 00 ff ff ff ff fe ff fe ff fe ff ff ff ff ff 00 00 01 00 01 00 02 00 02 00 03 00 03 00 03 00 03 00 02 00 01 00 01 00 00 00 00 00 ff ff 00 00 00 00 00 00 01 00 01 00 02 00 02 00 03 00 03 00 03 00 02 00 02 00 01 00 01 00 01 00 01 00 00 00 00 00 00 00 00 00 00 00 00 00 00 00 01 00 01 00 02 00 02 00 02 00 02 00 02 00 02 00 02 00 02 00 01 00 01 00 00 00 00 00 00 00 00 00 00 00 00 00 01 00 01 00 01 00 02 00 02 00 02 00 02 00 02 00 02 00 02 00 01 00 01 00 00 00 00 00 00 00 00 00 01 00 00 00 01 00 01 00 01 00 02 00 02 00 02 00 02 00 01 00 01 00 00 00 00 00 00 00 00 00 00 00 00 00 00 00 01 00 01 00 01 00 01 00 02 00 01 00 01 00 02 00 02 00 01 00 01 00 00 00 00 00 00 00 00 00 00 00 00 00 00 00 00 00 01 00 01 00 01 00 02 00 01 00 01 00 01 00 01 00 

[2025-02-21 04:08:00] , ACU_SN:    WTG26050900134 , Crash X ,Data: 00 00 00 00 00 00 00 00 00 00 00 00 00 00 00 00 00 00 00 00 00 00 00 00 00 00 00 00 00 00 00 00 01 00 00 00 00 00 00 00 01 00 01 00 02 00 0a 00 14 00 0f 00 22 00 f4 ff e8 ff f2 ff ff ff 01 00 fd ff ee ff f6 ff 07 00 11 00 0a 00 08 00 0d 00 05 00 f9 ff f7 ff fc ff 03 00 05 00 02 00 fe ff 00 00 01 00 00 00 fc ff fd ff 00 00 01 00 03 00 00 00 01 00 01 00 fe ff ff ff ff ff 01 00 02 00 01 00 00 00 fe ff fe ff ff ff 00 00 00 00 00 00 01 00 01 00 00 00 00 00 ff ff fe ff 00 00 00 00 00 00 01 00 01 00 02 00 02 00 00 00 00 00 ff ff ff ff 00 00 00 00 00 00 ff ff ff ff 00 00 01 00 02 00 02 00 01 00 00 00 00 00 00 00 00 00 00 00 00 00 ff ff ff ff 00 00 00 00 00 00 ff ff ff ff ff ff 00 00 01 00 01 00 01 00 00 00 00 00 00 00 01 00 01 00 00 00 00 00 ff ff fe ff ff ff ff ff 00 00 00 00 00 00 00 00 01 00 01 00 02 00 01 00 01 00 00 00 01 00 01 00 01 00 01 00 00 00 00 00 00 00 00 00 00 00 00 00 00 00 00 00 00 00 00 00 01 00 01 00 00 00 00 00 00 00 00 00 00 00 00 00 00 00 ff ff fe ff ff ff 00 00 01 00 01 00 ff ff fd ff 03 00 08 00 04 00 ee ff e5 ff ed ff f9 ff 00 00 0c 00 14 00 0c 00 01 00 f9 ff fa ff f7 ff ff ff 08 00 04 00 04 00 0a 00 0e 00 09 00 07 00 07 00 fe ff fc ff fc ff fa ff f4 ff f1 ff fa ff fd ff fd ff 00 00 fe ff 03 00 04 00 05 00 05 00 06 00 04 00 02 00 04 00 00 00 00 00 01 00 01 00 fe ff fc ff 00 00 02 00 00 00 03 00 02 00 01 00 03 00 01 00 00 00 ff ff ff ff ff ff ff ff ff ff 00 00 ff ff 00 00 00 00 01 00 02 00 01 00 02 00 01 00 01 00 01 00 fe ff fe ff ff ff fe ff ff ff 00 00 ff ff ff ff ff ff fe ff fe ff ff ff 00 00 00 00 ff ff 00 00 00 00 00 00 ff ff ff ff ff ff ff ff ff ff 00 00 01 00 02 00 01 00 02 00 03 00 03 00 02 00 03 00 03 00 01 00 01 00 00 00 ff ff fe ff ff ff ff ff fe ff ff ff ff ff 01 00 01 00 01 00 03 00 03 00 02 00 01 00 02 00 02 00 01 00 ff ff fe ff ff ff fe ff fe ff fe ff ff ff 01 00 01 00 01 00 02 00 03 00 02 00 01 00 01 00 00 00 fe ff fe ff fe ff fe ff ff ff 00 00 00 00 ff ff fe ff ff ff 01 00 01 00 01 00 01 00 01 00 00 00 00 00 00 00 00 00 00 00 ff ff ff ff 00 00 00 00 00 00 ff ff ff ff ff ff ff ff 00 00 01 00 02 00 02 00 02 00 01 00 00 00 00 00 00 00 ff ff ff ff ff ff ff ff ff ff 00 00 00 00 01 00 01 00 02 00 01 00 01 00 01 00 00 00 00 00 00 00 00 00 00 00 00 00 00 00 00 00 00 00 00 00 00 00 00 00 01 00 00 00 00 00 00 00 00 00 00 00 00 00 00 00 00 00 00 00 00 00 00 00 00 00 00 00 00 00 00 00 00 00 00 00 00 00 00 00 00 00 00 00 00 00 00 00 00 00 00 00 00 00 00 00 00 00 00 00 00 00 00 00 00 00 00 00 00 00 00 00 00 00 00 00 00 00 00 00 00 00 00 00 00 00 00 00 00 00 00 00 00 00 00 00 00 00 00 00 ff ff 00 00 00 00 00 00 01 00 01 00 00 00 00 00 00 00 00 00 00 00 00 00 00 00 00 00 00 00 00 00 00 00 00 00 00 00 00 00 00 00 01 00 01 00 00 00 00 00 00 00 00 00 00 00 00 00 00 00 00 00 00 00 00 00 00 00 00 00 00 00 00 00 00 00 00 00 00 00 00 00 00 00 00 00 00 00 00 00 00 00 00 00 00 00 00 00 00 00 00 00 00 00 00 00 00 00 00 00 01 00 00 00 00 00 00 00 00 00 00 00 00 00 00 00 00 00 00 00 00 00 00 00 00 00 00 00 00 00 00 00 00 00 00 00 00 00 00 00 

[2025-02-21 04:08:01] , ACU_SN:    WTG26050900134 , Crash Y ,Data: 00 00 00 00 00 00 00 00 00 00 00 00 ff ff ff ff 00 00 00 00 00 00 00 00 00 00 00 00 00 00 00 00 00 00 00 00 00 00 f7 ff e3 ff bd ff 7a ff 02 ff ee fd 76 fd 43 fe 43 ff 8f ff aa ff ee ff 33 00 49 00 1c 00 eb ff cf ff db ff f8 ff f5 ff e8 ff e6 ff e9 ff ef ff f4 ff 00 00 05 00 09 00 14 00 1a 00 17 00 10 00 0d 00 0f 00 0e 00 09 00 ff ff f6 ff f7 ff fa ff 00 00 02 00 fe ff fd ff 01 00 04 00 06 00 06 00 07 00 03 00 02 00 07 00 07 00 07 00 09 00 08 00 08 00 07 00 05 00 03 00 00 00 ff ff fc ff fa ff fa ff fa ff fc ff 01 00 04 00 08 00 0a 00 0b 00 0d 00 0c 00 0a 00 06 00 02 00 ff ff fe ff fe ff fd ff fd ff fe ff fe ff 00 00 03 00 05 00 07 00 07 00 07 00 07 00 07 00 07 00 05 00 03 00 01 00 ff ff fe ff ff ff ff ff ff ff ff ff 00 00 02 00 04 00 06 00 07 00 07 00 06 00 05 00 05 00 05 00 04 00 02 00 00 00 ff ff ff ff 00 00 01 00 00 00 00 00 01 00 02 00 04 00 06 00 06 00 06 00 06 00 06 00 06 00 05 00 04 00 02 00 01 00 00 00 00 00 00 00 01 00 02 00 02 00 03 00 04 00 05 00 06 00 05 00 05 00 04 00 04 00 23 00 69 00 d5 00 63 01 c8 01 f5 01 ae 01 5c 01 13 01 d2 00 8d 00 42 00 02 00 eb ff f3 ff 0a 00 23 00 21 00 13 00 12 00 17 00 14 00 09 00 03 00 05 00 04 00 07 00 02 00 f7 ff f0 ff f0 ff f5 ff ec ff e1 ff d9 ff d9 ff d9 ff df ff e9 ff f1 ff fc ff 09 00 10 00 16 00 19 00 14 00 11 00 0b 00 04 00 00 00 fa ff f3 ff ec ff e5 ff e1 ff e5 ff eb ff ee ff f9 ff 00 00 07 00 11 00 14 00 00 00 07 00 06 00 03 00 00 00 fc ff f7 ff f2 ff ed ff ea ff ec ff ef ff f4 ff f9 ff ff ff 06 00 0d 00 10 00 10 00 0d 00 0b 00 06 00 02 00 fd ff f8 ff f5 ff f2 ff f0 ff f1 ff f3 ff f8 ff fc ff 01 00 07 00 0b 00 0c 00 0c 00 0a 00 06 00 03 00 ff ff fc ff f9 ff f7 ff f5 ff f5 ff f6 ff f6 ff f9 ff fa ff fb ff fb ff f9 ff f6 ff f1 ff e8 ff dd ff d0 ff c0 ff ae ff 9e ff 91 ff 8e ff 98 ff aa ff be ff cf ff e0 ff ec ff f5 ff f7 ff f7 ff f4 ff f0 ff ed ff e9 ff e9 ff ed ff ef ff f1 ff f7 ff fa ff fe ff 03 00 05 00 08 00 09 00 09 00 09 00 07 00 00 00 01 00 01 00 ff ff fe ff fe ff fe ff fe ff fd ff fe ff ff ff 01 00 02 00 04 00 05 00 06 00 07 00 07 00 06 00 04 00 02 00 00 00 fd ff fb ff fb ff fb ff fc ff fe ff 00 00 01 00 03 00 05 00 06 00 06 00 05 00 03 00 02 00 01 00 ff ff fe ff fe ff fd ff fd ff fe ff fe ff ff ff 00 00 01 00 02 00 03 00 03 00 03 00 03 00 02 00 01 00 01 00 00 00 ff ff ff ff fe ff fe ff fe ff ff ff ff ff 00 00 01 00 02 00 02 00 03 00 02 00 03 00 02 00 02 00 01 00 00 00 00 00 ff ff ff ff ff ff 00 00 00 00 00 00 01 00 01 00 02 00 02 00 03 00 03 00 02 00 02 00 02 00 02 00 01 00 01 00 00 00 00 00 00 00 00 00 00 00 01 00 01 00 01 00 02 00 02 00 02 00 02 00 02 00 02 00 02 00 01 00 01 00 00 00 00 00 00 00 00 00 00 00 00 00 00 00 01 00 01 00 02 00 02 00 02 00 02 00 02 00 02 00 01 00 01 00 00 00 00 00 00 00 00 00 00 00 00 00 00 00 01 00 01 00 01 00 01 00 02 00 02 00 02 00 02 00 01 00 01 00 01 00 01 00 01 00 01 00 01 00 01 00 00 00 01 00 01 00 01 00 00 00 01 00 01 00 01 00 01 00 00 00 01 00 00 00 01 00 00 00 00 00 00 00 00 00 00 00 00 00 00 00 00 00 01 00 01 00 01 00 01 00 01 00 01 00 01 00 01 00 

[2025-02-21 04:09:48] , ACU_SN:    WTG26050900134 , Crash X ,Data: 00 00 00 00 00 00 00 00 00 00 00 00 00 00 00 00 00 00 00 00 00 00 00 00 00 00 00 00 00 00 00 00 01 00 00 00 00 00 00 00 01 00 01 00 02 00 0a 00 14 00 0f 00 22 00 f4 ff e8 ff f2 ff ff ff 01 00 fd ff ee ff f6 ff 07 00 11 00 0a 00 08 00 0d 00 05 00 f9 ff f7 ff fc ff 03 00 05 00 02 00 fe ff 00 00 01 00 00 00 fc ff fd ff 00 00 01 00 03 00 00 00 01 00 01 00 fe ff ff ff ff ff 01 00 02 00 01 00 00 00 fe ff fe ff ff ff 00 00 00 00 00 00 01 00 01 00 00 00 00 00 ff ff fe ff 00 00 00 00 00 00 01 00 01 00 02 00 02 00 00 00 00 00 ff ff ff ff 00 00 00 00 00 00 ff ff ff ff 00 00 01 00 02 00 02 00 01 00 00 00 00 00 00 00 00 00 00 00 00 00 ff ff ff ff 00 00 00 00 00 00 ff ff ff ff ff ff 00 00 01 00 01 00 01 00 00 00 00 00 00 00 01 00 01 00 00 00 00 00 ff ff fe ff ff ff ff ff 00 00 00 00 00 00 00 00 01 00 01 00 02 00 01 00 01 00 00 00 01 00 01 00 01 00 01 00 00 00 00 00 00 00 00 00 00 00 00 00 00 00 00 00 00 00 00 00 01 00 01 00 00 00 00 00 00 00 00 00 00 00 00 00 00 00 ff ff fe ff ff ff 00 00 01 00 01 00 ff ff fd ff 03 00 08 00 04 00 ee ff e5 ff ed ff f9 ff 00 00 0c 00 14 00 0c 00 01 00 f9 ff fa ff f7 ff ff ff 08 00 04 00 04 00 0a 00 0e 00 09 00 07 00 07 00 fe ff fc ff fc ff fa ff f4 ff f1 ff fa ff fd ff fd ff 00 00 fe ff 03 00 04 00 05 00 05 00 06 00 04 00 02 00 04 00 00 00 00 00 01 00 01 00 fe ff fc ff 00 00 02 00 00 00 03 00 02 00 01 00 03 00 01 00 00 00 ff ff ff ff ff ff ff ff ff ff 00 00 ff ff 00 00 00 00 01 00 02 00 01 00 02 00 01 00 01 00 01 00 fe ff fe ff ff ff fe ff ff ff 00 00 ff ff ff ff ff ff fe ff fe ff ff ff 00 00 00 00 ff ff 00 00 00 00 00 00 ff ff ff ff ff ff ff ff ff ff 00 00 01 00 02 00 01 00 02 00 03 00 03 00 02 00 03 00 03 00 01 00 01 00 00 00 ff ff fe ff ff ff ff ff fe ff ff ff ff ff 01 00 01 00 01 00 03 00 03 00 02 00 01 00 02 00 02 00 01 00 ff ff fe ff ff ff fe ff fe ff fe ff ff ff 01 00 01 00 01 00 02 00 03 00 02 00 01 00 01 00 00 00 fe ff fe ff fe ff fe ff ff ff 00 00 00 00 ff ff fe ff ff ff 01 00 01 00 01 00 01 00 01 00 00 00 00 00 00 00 00 00 00 00 ff ff ff ff 00 00 00 00 00 00 ff ff ff ff ff ff ff ff 00 00 01 00 02 00 02 00 02 00 01 00 00 00 00 00 00 00 ff ff ff ff ff ff ff ff ff ff 00 00 00 00 01 00 01 00 02 00 01 00 01 00 01 00 00 00 00 00 00 00 00 00 00 00 00 00 00 00 00 00 00 00 00 00 00 00 00 00 01 00 00 00 00 00 00 00 00 00 00 00 00 00 00 00 00 00 00 00 00 00 00 00 00 00 00 00 00 00 00 00 00 00 00 00 00 00 00 00 00 00 00 00 00 00 00 00 00 00 00 00 00 00 00 00 00 00 00 00 00 00 00 00 00 00 00 00 00 00 00 00 00 00 00 00 00 00 00 00 00 00 00 00 00 00 00 00 00 00 00 00 00 00 00 00 00 00 00 00 ff ff 00 00 00 00 00 00 01 00 01 00 00 00 00 00 00 00 00 00 00 00 00 00 00 00 00 00 00 00 00 00 00 00 00 00 00 00 00 00 00 00 01 00 01 00 00 00 00 00 00 00 00 00 00 00 00 00 00 00 00 00 00 00 00 00 00 00 00 00 00 00 00 00 00 00 00 00 00 00 00 00 00 00 00 00 00 00 00 00 00 00 00 00 00 00 00 00 00 00 00 00 00 00 00 00 00 00 00 00 01 00 00 00 00 00 00 00 00 00 00 00 00 00 00 00 00 00 00 00 00 00 00 00 00 00 00 00 00 00 00 00 00 00 00 00 00 00 00 00 

[2025-02-21 04:09:49] , ACU_SN:    WTG26050900134 , Crash Y ,Data: 00 00 00 00 00 00 00 00 00 00 00 00 ff ff ff ff 00 00 00 00 00 00 00 00 00 00 00 00 00 00 00 00 00 00 00 00 00 00 f7 ff e3 ff bd ff 7a ff 02 ff ee fd 76 fd 43 fe 43 ff 8f ff aa ff ee ff 33 00 49 00 1c 00 eb ff cf ff db ff f8 ff f5 ff e8 ff e6 ff e9 ff ef ff f4 ff 00 00 05 00 09 00 14 00 1a 00 17 00 10 00 0d 00 0f 00 0e 00 09 00 ff ff f6 ff f7 ff fa ff 00 00 02 00 fe ff fd ff 01 00 04 00 06 00 06 00 07 00 03 00 02 00 07 00 07 00 07 00 09 00 08 00 08 00 07 00 05 00 03 00 00 00 ff ff fc ff fa ff fa ff fa ff fc ff 01 00 04 00 08 00 0a 00 0b 00 0d 00 0c 00 0a 00 06 00 02 00 ff ff fe ff fe ff fd ff fd ff fe ff fe ff 00 00 03 00 05 00 07 00 07 00 07 00 07 00 07 00 07 00 05 00 03 00 01 00 ff ff fe ff ff ff ff ff ff ff ff ff 00 00 02 00 04 00 06 00 07 00 07 00 06 00 05 00 05 00 05 00 04 00 02 00 00 00 ff ff ff ff 00 00 01 00 00 00 00 00 01 00 02 00 04 00 06 00 06 00 06 00 06 00 06 00 06 00 05 00 04 00 02 00 01 00 00 00 00 00 00 00 01 00 02 00 02 00 03 00 04 00 05 00 06 00 05 00 05 00 04 00 04 00 23 00 69 00 d5 00 63 01 c8 01 f5 01 ae 01 5c 01 13 01 d2 00 8d 00 42 00 02 00 eb ff f3 ff 0a 00 23 00 21 00 13 00 12 00 17 00 14 00 09 00 03 00 05 00 04 00 07 00 02 00 f7 ff f0 ff f0 ff f5 ff ec ff e1 ff d9 ff d9 ff d9 ff df ff e9 ff f1 ff fc ff 09 00 10 00 16 00 19 00 14 00 11 00 0b 00 04 00 00 00 fa ff f3 ff ec ff e5 ff e1 ff e5 ff eb ff ee ff f9 ff 00 00 07 00 11 00 14 00 00 00 07 00 06 00 03 00 00 00 fc ff f7 ff f2 ff ed ff ea ff ec ff ef ff f4 ff f9 ff ff ff 06 00 0d 00 10 00 10 00 0d 00 0b 00 06 00 02 00 fd ff f8 ff f5 ff f2 ff f0 ff f1 ff f3 ff f8 ff fc ff 01 00 07 00 0b 00 0c 00 0c 00 0a 00 06 00 03 00 ff ff fc ff f9 ff f7 ff f5 ff f5 ff f6 ff f6 ff f9 ff fa ff fb ff fb ff f9 ff f6 ff f1 ff e8 ff dd ff d0 ff c0 ff ae ff 9e ff 91 ff 8e ff 98 ff aa ff be ff cf ff e0 ff ec ff f5 ff f7 ff f7 ff f4 ff f0 ff ed ff e9 ff e9 ff ed ff ef ff f1 ff f7 ff fa ff fe ff 03 00 05 00 08 00 09 00 09 00 09 00 07 00 00 00 01 00 01 00 ff ff fe ff fe ff fe ff fe ff fd ff fe ff ff ff 01 00 02 00 04 00 05 00 06 00 07 00 07 00 06 00 04 00 02 00 00 00 fd ff fb ff fb ff fb ff fc ff fe ff 00 00 01 00 03 00 05 00 06 00 06 00 05 00 03 00 02 00 01 00 ff ff fe ff fe ff fd ff fd ff fe ff fe ff ff ff 00 00 01 00 02 00 03 00 03 00 03 00 03 00 02 00 01 00 01 00 00 00 ff ff ff ff fe ff fe ff fe ff ff ff ff ff 00 00 01 00 02 00 02 00 03 00 02 00 03 00 02 00 02 00 01 00 00 00 00 00 ff ff ff ff ff ff 00 00 00 00 00 00 01 00 01 00 02 00 02 00 03 00 03 00 02 00 02 00 02 00 02 00 01 00 01 00 00 00 00 00 00 00 00 00 00 00 01 00 01 00 01 00 02 00 02 00 02 00 02 00 02 00 02 00 02 00 01 00 01 00 00 00 00 00 00 00 00 00 00 00 00 00 00 00 01 00 01 00 02 00 02 00 02 00 02 00 02 00 02 00 01 00 01 00 00 00 00 00 00 00 00 00 00 00 00 00 00 00 01 00 01 00 01 00 01 00 02 00 02 00 02 00 02 00 01 00 01 00 01 00 01 00 01 00 01 00 01 00 01 00 00 00 01 00 01 00 01 00 00 00 01 00 01 00 01 00 01 00 00 00 01 00 00 00 01 00 00 00 00 00 00 00 00 00 00 00 00 00 00 00 00 00 01 00 01 00 01 00 01 00 01 00 01 00 01 00 01 00 

